OA,LOCAL_AUTHORITY_CODE,LOCAL_AUTHORITY_NAME,REGION_OR_COUNTRY_CODE,REGION_OR_COUNTRY_NAME,POPULATION,SPRGRP,GRP,SUBGRP,SPR_SED,GRP_SED,SUB_SED,SPR1_SED,SPR2_SED,SPR3_SED,SPR4_SED,SPR5_SED,SPR6_SED,SPR7_SED,SPR8_SED,GRP1a_SED,GRP1b_SED,GRP1c_SED,GRP2a_SED,GRP2b_SED,GRP2c_SED,GRP2d_SED,GRP3a_SED,GRP3b_SED,GRP3c_SED,GRP3d_SED,GRP4a_SED,GRP4b_SED,GRP4c_SED,GRP5a_SED,GRP5b_SED,GRP6a_SED,GRP6b_SED,GRP7a_SED,GRP7b_SED,GRP7c_SED,GRP7d_SED,GRP8a_SED,GRP8b_SED,GRP8c_SED,GRP8d_SED,SUB1a1_SED,SUB1a2_SED,SUB1a3_SED,SUB1a4_SED,SUB1b1_SED,SUB1b2_SED,SUB1b3_SED,SUB1c1_SED,SUB1c2_SED,SUB1c3_SED,SUB2a1_SED,SUB2a2_SED,SUB2a3_SED,SUB2b1_SED,SUB2b2_SED,SUB2c1_SED,SUB2c2_SED,SUB2c3_SED,SUB2d1_SED,SUB2d2_SED,SUB2d3_SED,SUB3a1_SED,SUB3a2_SED,SUB3b1_SED,SUB3b2_SED,SUB3b3_SED,SUB3c1_SED,SUB3c2_SED,SUB3d1_SED,SUB3d2_SED,SUB3d3_SED,SUB4a1_SED,SUB4a2_SED,SUB4a3_SED,SUB4b1_SED,SUB4b2_SED,SUB4c1_SED,SUB4c2_SED,SUB4c3_SED,SUB5a1_SED,SUB5a2_SED,SUB5a3_SED,SUB5b1_SED,SUB5b2_SED,SUB5b3_SED,SUB6a1_SED,SUB6a2_SED,SUB6a3_SED,SUB6a4_SED,SUB6b1_SED,SUB6b2_SED,SUB6b3_SED,SUB6b4_SED,SUB7a1_SED,SUB7a2_SED,SUB7a3_SED,SUB7b1_SED,SUB7b2_SED,SUB7b3_SED,SUB7c1_SED,SUB7c2_SED,SUB7c3_SED,SUB7d1_SED,SUB7d2_SED,SUB7d3_SED,SUB7d4_SED,SUB8a1_SED,SUB8a2_SED,SUB8b1_SED,SUB8b2_SED,SUB8c1_SED,SUB8c2_SED,SUB8c3_SED,SUB8d1_SED,SUB8d2_SED,SUB8d3_SED
E00148494,E07000189,South Somerset,E12000009,South West,246,1,1b,1b2,0.576488136,0.590769882,0.605680775,0.576488136,2.050091157,2.242316886,1.753645296,1.14008262,1.006342655,1.556067377,1.15248807,0.633602299,0.590769882,0.871515469,NA,NA,NA,NA,NA,NA,NA,NA,NA,NA,NA,NA,NA,NA,NA,NA,NA,NA,NA,NA,NA,NA,NA,NA,NA,NA,NA,0.63288972,0.605680775,0.675568561,NA,NA,NA,NA,NA,NA,NA,NA,NA,NA,NA,NA,NA,NA,NA,NA,NA,NA,NA,NA,NA,NA,NA,NA,NA,NA,NA,NA,NA,NA,NA,NA,NA,NA,NA,NA,NA,NA,NA,NA,NA,NA,NA,NA,NA,NA,NA,NA,NA,NA,NA,NA,NA,NA,NA,NA,NA,NA,NA,NA,NA,NA,NA,NA,NA,NA,NA,NA,NA
E00148495,E07000189,South Somerset,E12000009,South West,275,1,1a,1a1,0.790874825,0.634475268,0.6497127,0.790874825,2.177697653,2.412072561,2.019208467,1.4153068,1.128591008,1.811711669,1.52247676,0.634475268,0.925305808,1.031576705,NA,NA,NA,NA,NA,NA,NA,NA,NA,NA,NA,NA,NA,NA,NA,NA,NA,NA,NA,NA,NA,NA,NA,0.6497127,0.727597835,0.66432141,0.735461919,NA,NA,NA,NA,NA,NA,NA,NA,NA,NA,NA,NA,NA,NA,NA,NA,NA,NA,NA,NA,NA,NA,NA,NA,NA,NA,NA,NA,NA,NA,NA,NA,NA,NA,NA,NA,NA,NA,NA,NA,NA,NA,NA,NA,NA,NA,NA,NA,NA,NA,NA,NA,NA,NA,NA,NA,NA,NA,NA,NA,NA,NA,NA,NA,NA,NA,NA,NA,NA,NA,NA,NA
E00148496,E07000189,South Somerset,E12000009,South West,253,1,1b,1b3,0.686004609,0.601479325,0.550671407,0.686004609,1.969551443,2.123968215,1.646621553,1.018511539,1.020879663,1.32859543,0.977804423,0.858475315,0.601479325,0.902465305,NA,NA,NA,NA,NA,NA,NA,NA,NA,NA,NA,NA,NA,NA,NA,NA,NA,NA,NA,NA,NA,NA,NA,NA,NA,NA,NA,0.654236215,0.698325187,0.550671407,NA,NA,NA,NA,NA,NA,NA,NA,NA,NA,NA,NA,NA,NA,NA,NA,NA,NA,NA,NA,NA,NA,NA,NA,NA,NA,NA,NA,NA,NA,NA,NA,NA,NA,NA,NA,NA,NA,NA,NA,NA,NA,NA,NA,NA,NA,NA,NA,NA,NA,NA,NA,NA,NA,NA,NA,NA,NA,NA,NA,NA,NA,NA,NA,NA,NA,NA,NA,NA
E00148497,E07000189,South Somerset,E12000009,South West,316,1,1a,1a2,0.607849591,0.626446861,0.596938002,0.607849591,1.993109133,2.255062762,1.723753599,1.057759559,0.849267918,1.622553577,1.247021218,0.626446861,0.681353883,0.789368555,NA,NA,NA,NA,NA,NA,NA,NA,NA,NA,NA,NA,NA,NA,NA,NA,NA,NA,NA,NA,NA,NA,NA,0.817567241,0.596938002,0.662619831,0.66006914,NA,NA,NA,NA,NA,NA,NA,NA,NA,NA,NA,NA,NA,NA,NA,NA,NA,NA,NA,NA,NA,NA,NA,NA,NA,NA,NA,NA,NA,NA,NA,NA,NA,NA,NA,NA,NA,NA,NA,NA,NA,NA,NA,NA,NA,NA,NA,NA,NA,NA,NA,NA,NA,NA,NA,NA,NA,NA,NA,NA,NA,NA,NA,NA,NA,NA,NA,NA,NA,NA,NA,NA
E00148498,E07000189,South Somerset,E12000009,South West,344,1,1a,1a2,0.630432677,0.520409842,0.567585718,0.630432677,2.065156985,2.378084913,1.908921131,1.247849218,0.91551015,1.75210396,1.405749923,0.520409842,0.780952403,0.790581922,NA,NA,NA,NA,NA,NA,NA,NA,NA,NA,NA,NA,NA,NA,NA,NA,NA,NA,NA,NA,NA,NA,NA,0.609461669,0.567585718,0.600853541,0.57599132,NA,NA,NA,NA,NA,NA,NA,NA,NA,NA,NA,NA,NA,NA,NA,NA,NA,NA,NA,NA,NA,NA,NA,NA,NA,NA,NA,NA,NA,NA,NA,NA,NA,NA,NA,NA,NA,NA,NA,NA,NA,NA,NA,NA,NA,NA,NA,NA,NA,NA,NA,NA,NA,NA,NA,NA,NA,NA,NA,NA,NA,NA,NA,NA,NA,NA,NA,NA,NA,NA,NA,NA
E00148499,E07000189,South Somerset,E12000009,South West,202,1,1b,1b3,0.857057339,0.789611109,0.754154293,0.857057339,1.8911224,2.081490318,1.65079075,1.006153947,1.039593718,1.312227286,1.062039167,1.018340546,0.789611109,0.99046044,NA,NA,NA,NA,NA,NA,NA,NA,NA,NA,NA,NA,NA,NA,NA,NA,NA,NA,NA,NA,NA,NA,NA,NA,NA,NA,NA,0.853701953,0.83887072,0.754154293,NA,NA,NA,NA,NA,NA,NA,NA,NA,NA,NA,NA,NA,NA,NA,NA,NA,NA,NA,NA,NA,NA,NA,NA,NA,NA,NA,NA,NA,NA,NA,NA,NA,NA,NA,NA,NA,NA,NA,NA,NA,NA,NA,NA,NA,NA,NA,NA,NA,NA,NA,NA,NA,NA,NA,NA,NA,NA,NA,NA,NA,NA,NA,NA,NA,NA,NA,NA,NA
E00148500,E07000189,South Somerset,E12000009,South West,258,1,1a,1a2,0.64242351,0.586177188,0.573668372,0.64242351,2.000450893,2.303832882,1.829930453,1.115841618,0.804332882,1.702237606,1.369016897,0.586177188,0.776265402,0.748591089,NA,NA,NA,NA,NA,NA,NA,NA,NA,NA,NA,NA,NA,NA,NA,NA,NA,NA,NA,NA,NA,NA,NA,0.747165673,0.573668372,0.657395821,0.599323182,NA,NA,NA,NA,NA,NA,NA,NA,NA,NA,NA,NA,NA,NA,NA,NA,NA,NA,NA,NA,NA,NA,NA,NA,NA,NA,NA,NA,NA,NA,NA,NA,NA,NA,NA,NA,NA,NA,NA,NA,NA,NA,NA,NA,NA,NA,NA,NA,NA,NA,NA,NA,NA,NA,NA,NA,NA,NA,NA,NA,NA,NA,NA,NA,NA,NA,NA,NA,NA,NA,NA,NA
E00148501,E07000189,South Somerset,E12000009,South West,184,1,1a,1a3,0.932838366,0.902437148,0.824252362,0.932838366,1.878787918,2.175822584,1.850571934,1.269312107,1.27530864,1.661107112,1.503696846,0.902437148,0.997630468,1.111518483,NA,NA,NA,NA,NA,NA,NA,NA,NA,NA,NA,NA,NA,NA,NA,NA,NA,NA,NA,NA,NA,NA,NA,0.96601204,0.984673954,0.824252362,1.038193493,NA,NA,NA,NA,NA,NA,NA,NA,NA,NA,NA,NA,NA,NA,NA,NA,NA,NA,NA,NA,NA,NA,NA,NA,NA,NA,NA,NA,NA,NA,NA,NA,NA,NA,NA,NA,NA,NA,NA,NA,NA,NA,NA,NA,NA,NA,NA,NA,NA,NA,NA,NA,NA,NA,NA,NA,NA,NA,NA,NA,NA,NA,NA,NA,NA,NA,NA,NA,NA,NA,NA,NA
E00148502,E07000189,South Somerset,E12000009,South West,256,1,1a,1a3,0.770460059,0.65036731,0.651472873,0.770460059,2.140197144,2.38451259,1.925053784,1.357478922,1.09136042,1.751468472,1.409813252,0.65036731,0.885122498,1.019961764,NA,NA,NA,NA,NA,NA,NA,NA,NA,NA,NA,NA,NA,NA,NA,NA,NA,NA,NA,NA,NA,NA,NA,0.669452362,0.750556141,0.651472873,0.773339353,NA,NA,NA,NA,NA,NA,NA,NA,NA,NA,NA,NA,NA,NA,NA,NA,NA,NA,NA,NA,NA,NA,NA,NA,NA,NA,NA,NA,NA,NA,NA,NA,NA,NA,NA,NA,NA,NA,NA,NA,NA,NA,NA,NA,NA,NA,NA,NA,NA,NA,NA,NA,NA,NA,NA,NA,NA,NA,NA,NA,NA,NA,NA,NA,NA,NA,NA,NA,NA,NA,NA,NA
E00148503,E07000189,South Somerset,E12000009,South West,304,1,1b,1b2,0.737098247,0.681970722,0.645747781,0.737098247,1.784735178,2.054635647,1.516258308,0.793123411,0.828011163,1.386666832,0.9856016,0.866457822,0.681970722,0.96923444,NA,NA,NA,NA,NA,NA,NA,NA,NA,NA,NA,NA,NA,NA,NA,NA,NA,NA,NA,NA,NA,NA,NA,NA,NA,NA,NA,0.749248309,0.645747781,0.771394525,NA,NA,NA,NA,NA,NA,NA,NA,NA,NA,NA,NA,NA,NA,NA,NA,NA,NA,NA,NA,NA,NA,NA,NA,NA,NA,NA,NA,NA,NA,NA,NA,NA,NA,NA,NA,NA,NA,NA,NA,NA,NA,NA,NA,NA,NA,NA,NA,NA,NA,NA,NA,NA,NA,NA,NA,NA,NA,NA,NA,NA,NA,NA,NA,NA,NA,NA,NA,NA
E00148504,E07000189,South Somerset,E12000009,South West,279,8,8c,8c2,0.664507052,0.54533039,0.548642669,0.870564753,1.86942297,1.945772866,1.478582209,0.959792051,1.121484429,0.997596635,0.664507052,NA,NA,NA,NA,NA,NA,NA,NA,NA,NA,NA,NA,NA,NA,NA,NA,NA,NA,NA,NA,NA,NA,0.688562136,0.867211186,0.54533039,0.852660452,NA,NA,NA,NA,NA,NA,NA,NA,NA,NA,NA,NA,NA,NA,NA,NA,NA,NA,NA,NA,NA,NA,NA,NA,NA,NA,NA,NA,NA,NA,NA,NA,NA,NA,NA,NA,NA,NA,NA,NA,NA,NA,NA,NA,NA,NA,NA,NA,NA,NA,NA,NA,NA,NA,NA,NA,NA,NA,NA,NA,NA,NA,NA,NA,NA,NA,NA,NA,NA,NA,0.578577692,0.548642669,0.631143058,NA,NA,NA
E00148505,E07000189,South Somerset,E12000009,South West,324,1,1b,1b2,0.562271831,0.566699305,0.515270198,0.562271831,1.811139857,2.081076945,1.545874209,0.770092016,0.687897677,1.405056421,1.037677139,0.674677021,0.566699305,0.764050118,NA,NA,NA,NA,NA,NA,NA,NA,NA,NA,NA,NA,NA,NA,NA,NA,NA,NA,NA,NA,NA,NA,NA,NA,NA,NA,NA,0.664760281,0.515270198,0.65220449,NA,NA,NA,NA,NA,NA,NA,NA,NA,NA,NA,NA,NA,NA,NA,NA,NA,NA,NA,NA,NA,NA,NA,NA,NA,NA,NA,NA,NA,NA,NA,NA,NA,NA,NA,NA,NA,NA,NA,NA,NA,NA,NA,NA,NA,NA,NA,NA,NA,NA,NA,NA,NA,NA,NA,NA,NA,NA,NA,NA,NA,NA,NA,NA,NA,NA,NA,NA,NA
E00148506,E07000189,South Somerset,E12000009,South West,374,8,8a,8a1,0.672391816,0.505567177,0.493367126,0.837023651,1.97057539,2.030757935,1.47163231,0.993983245,0.943540902,1.286152867,0.672391816,NA,NA,NA,NA,NA,NA,NA,NA,NA,NA,NA,NA,NA,NA,NA,NA,NA,NA,NA,NA,NA,NA,0.505567177,0.791550493,0.78269837,0.857378908,NA,NA,NA,NA,NA,NA,NA,NA,NA,NA,NA,NA,NA,NA,NA,NA,NA,NA,NA,NA,NA,NA,NA,NA,NA,NA,NA,NA,NA,NA,NA,NA,NA,NA,NA,NA,NA,NA,NA,NA,NA,NA,NA,NA,NA,NA,NA,NA,NA,NA,NA,NA,NA,NA,NA,NA,NA,NA,NA,NA,NA,NA,NA,NA,NA,NA,0.493367126,0.601441617,NA,NA,NA,NA,NA,NA,NA,NA
E00148507,E07000189,South Somerset,E12000009,South West,279,5,5b,5b2,0.811630162,0.766376939,0.729189247,0.848127164,1.612644278,1.911084463,1.448740493,0.811630162,1.129672438,1.254235034,1.079480882,NA,NA,NA,NA,NA,NA,NA,NA,NA,NA,NA,NA,NA,NA,0.907642551,0.766376939,NA,NA,NA,NA,NA,NA,NA,NA,NA,NA,NA,NA,NA,NA,NA,NA,NA,NA,NA,NA,NA,NA,NA,NA,NA,NA,NA,NA,NA,NA,NA,NA,NA,NA,NA,NA,NA,NA,NA,NA,NA,NA,NA,NA,NA,NA,NA,NA,NA,NA,NA,NA,0.965484109,0.729189247,0.804286628,NA,NA,NA,NA,NA,NA,NA,NA,NA,NA,NA,NA,NA,NA,NA,NA,NA,NA,NA,NA,NA,NA,NA,NA,NA,NA,NA,NA,NA,NA,NA
E00148508,E07000189,South Somerset,E12000009,South West,325,1,1b,1b1,0.634580211,0.63277393,0.635634195,0.634580211,2.043461494,2.222939021,1.729431519,1.177408554,1.051880258,1.551600199,1.123361751,0.743872447,0.63277393,0.815478576,NA,NA,NA,NA,NA,NA,NA,NA,NA,NA,NA,NA,NA,NA,NA,NA,NA,NA,NA,NA,NA,NA,NA,NA,NA,NA,NA,0.635634195,0.694260524,0.701961976,NA,NA,NA,NA,NA,NA,NA,NA,NA,NA,NA,NA,NA,NA,NA,NA,NA,NA,NA,NA,NA,NA,NA,NA,NA,NA,NA,NA,NA,NA,NA,NA,NA,NA,NA,NA,NA,NA,NA,NA,NA,NA,NA,NA,NA,NA,NA,NA,NA,NA,NA,NA,NA,NA,NA,NA,NA,NA,NA,NA,NA,NA,NA,NA,NA,NA,NA,NA,NA
E00148509,E07000189,South Somerset,E12000009,South West,266,1,1a,1a2,0.836872569,0.738703489,0.658734975,0.836872569,2.224999442,2.555286939,2.060638978,1.367731412,1.004344861,1.944002176,1.563848473,0.738703489,0.942699743,1.051695481,NA,NA,NA,NA,NA,NA,NA,NA,NA,NA,NA,NA,NA,NA,NA,NA,NA,NA,NA,NA,NA,NA,NA,0.924735137,0.658734975,0.784856632,0.799409764,NA,NA,NA,NA,NA,NA,NA,NA,NA,NA,NA,NA,NA,NA,NA,NA,NA,NA,NA,NA,NA,NA,NA,NA,NA,NA,NA,NA,NA,NA,NA,NA,NA,NA,NA,NA,NA,NA,NA,NA,NA,NA,NA,NA,NA,NA,NA,NA,NA,NA,NA,NA,NA,NA,NA,NA,NA,NA,NA,NA,NA,NA,NA,NA,NA,NA,NA,NA,NA,NA,NA,NA
E00148510,E07000189,South Somerset,E12000009,South West,139,1,1a,1a2,0.780447922,0.763855964,0.73683427,0.780447922,2.159525949,2.405256002,1.940088828,1.352697079,1.049296166,1.789430129,1.391650962,0.763855964,0.841283389,0.995122288,NA,NA,NA,NA,NA,NA,NA,NA,NA,NA,NA,NA,NA,NA,NA,NA,NA,NA,NA,NA,NA,NA,NA,0.922703999,0.73683427,0.785362745,0.820713125,NA,NA,NA,NA,NA,NA,NA,NA,NA,NA,NA,NA,NA,NA,NA,NA,NA,NA,NA,NA,NA,NA,NA,NA,NA,NA,NA,NA,NA,NA,NA,NA,NA,NA,NA,NA,NA,NA,NA,NA,NA,NA,NA,NA,NA,NA,NA,NA,NA,NA,NA,NA,NA,NA,NA,NA,NA,NA,NA,NA,NA,NA,NA,NA,NA,NA,NA,NA,NA,NA,NA,NA
E00148511,E07000189,South Somerset,E12000009,South West,189,1,1a,1a3,0.6925173,0.679578183,0.655196312,0.6925173,1.975304819,2.276511205,1.843516586,1.175804118,1.003704631,1.642047775,1.353412122,0.679578183,0.75923841,0.919077293,NA,NA,NA,NA,NA,NA,NA,NA,NA,NA,NA,NA,NA,NA,NA,NA,NA,NA,NA,NA,NA,NA,NA,0.867885626,0.699264159,0.655196312,0.714205186,NA,NA,NA,NA,NA,NA,NA,NA,NA,NA,NA,NA,NA,NA,NA,NA,NA,NA,NA,NA,NA,NA,NA,NA,NA,NA,NA,NA,NA,NA,NA,NA,NA,NA,NA,NA,NA,NA,NA,NA,NA,NA,NA,NA,NA,NA,NA,NA,NA,NA,NA,NA,NA,NA,NA,NA,NA,NA,NA,NA,NA,NA,NA,NA,NA,NA,NA,NA,NA,NA,NA,NA
E00148512,E07000189,South Somerset,E12000009,South West,369,5,5a,5a1,0.669508233,0.709638853,0.624550837,0.674547895,1.6886914,1.854817339,1.325777039,0.669508233,0.897563664,1.15485582,0.766049925,NA,NA,NA,NA,NA,NA,NA,NA,NA,NA,NA,NA,NA,NA,0.709638853,0.713252543,NA,NA,NA,NA,NA,NA,NA,NA,NA,NA,NA,NA,NA,NA,NA,NA,NA,NA,NA,NA,NA,NA,NA,NA,NA,NA,NA,NA,NA,NA,NA,NA,NA,NA,NA,NA,NA,NA,NA,NA,NA,NA,NA,NA,NA,NA,NA,NA,NA,0.624550837,0.815293142,0.86989942,NA,NA,NA,NA,NA,NA,NA,NA,NA,NA,NA,NA,NA,NA,NA,NA,NA,NA,NA,NA,NA,NA,NA,NA,NA,NA,NA,NA,NA,NA,NA,NA,NA,NA
E00148513,E07000189,South Somerset,E12000009,South West,284,1,1b,1b3,0.5335513,0.573874713,0.585371105,0.5335513,1.956410725,2.209628518,1.727438132,1.076778599,1.014972439,1.483252766,1.148220294,0.585444947,0.573874713,0.7959234,NA,NA,NA,NA,NA,NA,NA,NA,NA,NA,NA,NA,NA,NA,NA,NA,NA,NA,NA,NA,NA,NA,NA,NA,NA,NA,NA,0.655559912,0.603309955,0.585371105,NA,NA,NA,NA,NA,NA,NA,NA,NA,NA,NA,NA,NA,NA,NA,NA,NA,NA,NA,NA,NA,NA,NA,NA,NA,NA,NA,NA,NA,NA,NA,NA,NA,NA,NA,NA,NA,NA,NA,NA,NA,NA,NA,NA,NA,NA,NA,NA,NA,NA,NA,NA,NA,NA,NA,NA,NA,NA,NA,NA,NA,NA,NA,NA,NA,NA,NA,NA,NA
E00148514,E07000189,South Somerset,E12000009,South West,403,8,8c,8c2,0.760259009,0.646033576,0.59092918,1.080592238,1.885341749,1.879910682,1.450566698,1.06207963,1.316909523,1.012648517,0.760259009,NA,NA,NA,NA,NA,NA,NA,NA,NA,NA,NA,NA,NA,NA,NA,NA,NA,NA,NA,NA,NA,NA,0.84342372,0.975212248,0.646033576,0.847395025,NA,NA,NA,NA,NA,NA,NA,NA,NA,NA,NA,NA,NA,NA,NA,NA,NA,NA,NA,NA,NA,NA,NA,NA,NA,NA,NA,NA,NA,NA,NA,NA,NA,NA,NA,NA,NA,NA,NA,NA,NA,NA,NA,NA,NA,NA,NA,NA,NA,NA,NA,NA,NA,NA,NA,NA,NA,NA,NA,NA,NA,NA,NA,NA,NA,NA,NA,NA,NA,NA,0.691787161,0.59092918,0.736639762,NA,NA,NA
E00148515,E07000189,South Somerset,E12000009,South West,363,1,1b,1b1,0.677357421,0.616800808,0.579644792,0.677357421,2.010773545,2.093792163,1.597579594,1.090803351,0.967941259,1.39394549,0.949014361,0.812142741,0.616800808,0.935473485,NA,NA,NA,NA,NA,NA,NA,NA,NA,NA,NA,NA,NA,NA,NA,NA,NA,NA,NA,NA,NA,NA,NA,NA,NA,NA,NA,0.579644792,0.732873505,0.665499342,NA,NA,NA,NA,NA,NA,NA,NA,NA,NA,NA,NA,NA,NA,NA,NA,NA,NA,NA,NA,NA,NA,NA,NA,NA,NA,NA,NA,NA,NA,NA,NA,NA,NA,NA,NA,NA,NA,NA,NA,NA,NA,NA,NA,NA,NA,NA,NA,NA,NA,NA,NA,NA,NA,NA,NA,NA,NA,NA,NA,NA,NA,NA,NA,NA,NA,NA,NA,NA
E00148516,E07000189,South Somerset,E12000009,South West,395,1,1b,1b1,0.578611092,0.521031305,0.525200157,0.578611092,1.961981137,2.122872263,1.61767066,1.033798044,0.947079416,1.435508892,0.988354121,0.710193169,0.521031305,0.884995439,NA,NA,NA,NA,NA,NA,NA,NA,NA,NA,NA,NA,NA,NA,NA,NA,NA,NA,NA,NA,NA,NA,NA,NA,NA,NA,NA,0.525200157,0.580204953,0.620245778,NA,NA,NA,NA,NA,NA,NA,NA,NA,NA,NA,NA,NA,NA,NA,NA,NA,NA,NA,NA,NA,NA,NA,NA,NA,NA,NA,NA,NA,NA,NA,NA,NA,NA,NA,NA,NA,NA,NA,NA,NA,NA,NA,NA,NA,NA,NA,NA,NA,NA,NA,NA,NA,NA,NA,NA,NA,NA,NA,NA,NA,NA,NA,NA,NA,NA,NA,NA,NA
E00148517,E07000189,South Somerset,E12000009,South West,238,1,1a,1a3,0.68927563,0.714783441,0.675199159,0.68927563,1.912242616,2.099062691,1.684398093,1.077676015,1.013015605,1.499489681,1.270120651,0.714783441,0.736341203,0.894703014,NA,NA,NA,NA,NA,NA,NA,NA,NA,NA,NA,NA,NA,NA,NA,NA,NA,NA,NA,NA,NA,NA,NA,0.87252193,0.744317206,0.675199159,0.79685603,NA,NA,NA,NA,NA,NA,NA,NA,NA,NA,NA,NA,NA,NA,NA,NA,NA,NA,NA,NA,NA,NA,NA,NA,NA,NA,NA,NA,NA,NA,NA,NA,NA,NA,NA,NA,NA,NA,NA,NA,NA,NA,NA,NA,NA,NA,NA,NA,NA,NA,NA,NA,NA,NA,NA,NA,NA,NA,NA,NA,NA,NA,NA,NA,NA,NA,NA,NA,NA,NA,NA,NA
E00148518,E07000189,South Somerset,E12000009,South West,280,1,1a,1a2,0.617197785,0.570803928,0.579311299,0.617197785,2.074165663,2.307364911,1.846321686,1.233071415,0.900728462,1.695163325,1.321443807,0.570803928,0.705666349,0.880970938,NA,NA,NA,NA,NA,NA,NA,NA,NA,NA,NA,NA,NA,NA,NA,NA,NA,NA,NA,NA,NA,NA,NA,0.713103108,0.579311299,0.606180946,0.658714537,NA,NA,NA,NA,NA,NA,NA,NA,NA,NA,NA,NA,NA,NA,NA,NA,NA,NA,NA,NA,NA,NA,NA,NA,NA,NA,NA,NA,NA,NA,NA,NA,NA,NA,NA,NA,NA,NA,NA,NA,NA,NA,NA,NA,NA,NA,NA,NA,NA,NA,NA,NA,NA,NA,NA,NA,NA,NA,NA,NA,NA,NA,NA,NA,NA,NA,NA,NA,NA,NA,NA,NA
E00148519,E07000189,South Somerset,E12000009,South West,291,1,1b,1b2,0.572288482,0.585326607,0.530836291,0.572288482,1.912076659,2.162736063,1.704389393,1.013652665,0.961155101,1.493905123,1.157394193,0.702276683,0.585326607,0.690451395,NA,NA,NA,NA,NA,NA,NA,NA,NA,NA,NA,NA,NA,NA,NA,NA,NA,NA,NA,NA,NA,NA,NA,NA,NA,NA,NA,0.703290456,0.530836291,0.638732446,NA,NA,NA,NA,NA,NA,NA,NA,NA,NA,NA,NA,NA,NA,NA,NA,NA,NA,NA,NA,NA,NA,NA,NA,NA,NA,NA,NA,NA,NA,NA,NA,NA,NA,NA,NA,NA,NA,NA,NA,NA,NA,NA,NA,NA,NA,NA,NA,NA,NA,NA,NA,NA,NA,NA,NA,NA,NA,NA,NA,NA,NA,NA,NA,NA,NA,NA,NA,NA
E00148520,E07000189,South Somerset,E12000009,South West,140,1,1c,1c3,1.188297412,0.890731624,0.78827453,1.188297412,2.210563946,2.523711279,2.089944114,1.4919134,1.392985258,1.90889729,1.702000681,1.224613615,1.295721983,0.890731624,NA,NA,NA,NA,NA,NA,NA,NA,NA,NA,NA,NA,NA,NA,NA,NA,NA,NA,NA,NA,NA,NA,NA,NA,NA,NA,NA,NA,NA,NA,1.031346232,0.986067266,0.78827453,NA,NA,NA,NA,NA,NA,NA,NA,NA,NA,NA,NA,NA,NA,NA,NA,NA,NA,NA,NA,NA,NA,NA,NA,NA,NA,NA,NA,NA,NA,NA,NA,NA,NA,NA,NA,NA,NA,NA,NA,NA,NA,NA,NA,NA,NA,NA,NA,NA,NA,NA,NA,NA,NA,NA,NA,NA,NA,NA,NA,NA,NA,NA,NA,NA,NA
E00148521,E07000189,South Somerset,E12000009,South West,208,1,1c,1c1,1.004408111,0.971840112,0.937073339,1.004408111,2.193317787,2.418570746,2.025230318,1.47733321,1.229809725,1.783937691,1.523604033,0.990421515,1.105268981,0.971840112,NA,NA,NA,NA,NA,NA,NA,NA,NA,NA,NA,NA,NA,NA,NA,NA,NA,NA,NA,NA,NA,NA,NA,NA,NA,NA,NA,NA,NA,NA,0.937073339,1.07035498,1.015301522,NA,NA,NA,NA,NA,NA,NA,NA,NA,NA,NA,NA,NA,NA,NA,NA,NA,NA,NA,NA,NA,NA,NA,NA,NA,NA,NA,NA,NA,NA,NA,NA,NA,NA,NA,NA,NA,NA,NA,NA,NA,NA,NA,NA,NA,NA,NA,NA,NA,NA,NA,NA,NA,NA,NA,NA,NA,NA,NA,NA,NA,NA,NA,NA,NA,NA
E00148522,E07000189,South Somerset,E12000009,South West,362,1,1b,1b1,0.719453645,0.654313575,0.595001191,0.719453645,1.916854024,2.096819454,1.529681736,1.003831635,0.921076943,1.493418001,0.957786895,0.851241595,0.654313575,0.97959681,NA,NA,NA,NA,NA,NA,NA,NA,NA,NA,NA,NA,NA,NA,NA,NA,NA,NA,NA,NA,NA,NA,NA,NA,NA,NA,NA,0.595001191,0.700208944,0.81256763,NA,NA,NA,NA,NA,NA,NA,NA,NA,NA,NA,NA,NA,NA,NA,NA,NA,NA,NA,NA,NA,NA,NA,NA,NA,NA,NA,NA,NA,NA,NA,NA,NA,NA,NA,NA,NA,NA,NA,NA,NA,NA,NA,NA,NA,NA,NA,NA,NA,NA,NA,NA,NA,NA,NA,NA,NA,NA,NA,NA,NA,NA,NA,NA,NA,NA,NA,NA,NA
E00148523,E07000189,South Somerset,E12000009,South West,240,1,1a,1a4,0.829087385,0.80649663,0.726992575,0.829087385,2.078306287,2.381865079,1.96256889,1.280890308,0.923596631,1.732079209,1.426781996,0.80649663,0.903396849,0.991308662,NA,NA,NA,NA,NA,NA,NA,NA,NA,NA,NA,NA,NA,NA,NA,NA,NA,NA,NA,NA,NA,NA,NA,0.887166951,0.818198903,0.916171446,0.726992575,NA,NA,NA,NA,NA,NA,NA,NA,NA,NA,NA,NA,NA,NA,NA,NA,NA,NA,NA,NA,NA,NA,NA,NA,NA,NA,NA,NA,NA,NA,NA,NA,NA,NA,NA,NA,NA,NA,NA,NA,NA,NA,NA,NA,NA,NA,NA,NA,NA,NA,NA,NA,NA,NA,NA,NA,NA,NA,NA,NA,NA,NA,NA,NA,NA,NA,NA,NA,NA,NA,NA,NA
E00148524,E07000189,South Somerset,E12000009,South West,120,1,1a,1a3,0.777248396,0.78112866,0.787232172,0.777248396,2.193072065,2.381392105,1.846130699,1.315997354,1.07180483,1.672694882,1.227105256,0.78112866,0.808526869,1.04233536,NA,NA,NA,NA,NA,NA,NA,NA,NA,NA,NA,NA,NA,NA,NA,NA,NA,NA,NA,NA,NA,NA,NA,0.821153981,0.821643413,0.787232172,0.925393687,NA,NA,NA,NA,NA,NA,NA,NA,NA,NA,NA,NA,NA,NA,NA,NA,NA,NA,NA,NA,NA,NA,NA,NA,NA,NA,NA,NA,NA,NA,NA,NA,NA,NA,NA,NA,NA,NA,NA,NA,NA,NA,NA,NA,NA,NA,NA,NA,NA,NA,NA,NA,NA,NA,NA,NA,NA,NA,NA,NA,NA,NA,NA,NA,NA,NA,NA,NA,NA,NA,NA,NA
E00148525,E07000189,South Somerset,E12000009,South West,324,5,5a,5a1,0.698620929,0.722864948,0.709106747,0.903017218,1.552070668,1.766491125,1.271401385,0.698620929,1.042923481,1.124194027,0.828237955,NA,NA,NA,NA,NA,NA,NA,NA,NA,NA,NA,NA,NA,NA,0.722864948,0.757405156,NA,NA,NA,NA,NA,NA,NA,NA,NA,NA,NA,NA,NA,NA,NA,NA,NA,NA,NA,NA,NA,NA,NA,NA,NA,NA,NA,NA,NA,NA,NA,NA,NA,NA,NA,NA,NA,NA,NA,NA,NA,NA,NA,NA,NA,NA,NA,NA,NA,0.709106747,0.821901139,0.818985963,NA,NA,NA,NA,NA,NA,NA,NA,NA,NA,NA,NA,NA,NA,NA,NA,NA,NA,NA,NA,NA,NA,NA,NA,NA,NA,NA,NA,NA,NA,NA,NA,NA,NA
E00148526,E07000189,South Somerset,E12000009,South West,287,8,8c,8c2,0.83230959,0.712065702,0.60753741,1.00582819,1.631014985,1.783846231,1.406701753,0.879635692,1.275772721,0.987188666,0.83230959,NA,NA,NA,NA,NA,NA,NA,NA,NA,NA,NA,NA,NA,NA,NA,NA,NA,NA,NA,NA,NA,NA,0.947269446,0.936616118,0.712065702,0.974785434,NA,NA,NA,NA,NA,NA,NA,NA,NA,NA,NA,NA,NA,NA,NA,NA,NA,NA,NA,NA,NA,NA,NA,NA,NA,NA,NA,NA,NA,NA,NA,NA,NA,NA,NA,NA,NA,NA,NA,NA,NA,NA,NA,NA,NA,NA,NA,NA,NA,NA,NA,NA,NA,NA,NA,NA,NA,NA,NA,NA,NA,NA,NA,NA,NA,NA,NA,NA,NA,NA,0.752382611,0.60753741,0.830973465,NA,NA,NA
E00148527,E07000189,South Somerset,E12000009,South West,194,1,1a,1a3,0.856656536,0.818271983,0.746840421,0.856656536,1.881827729,2.133478134,1.768010028,1.212271909,1.184446123,1.652595504,1.491170716,0.818271983,0.935240909,1.030437133,NA,NA,NA,NA,NA,NA,NA,NA,NA,NA,NA,NA,NA,NA,NA,NA,NA,NA,NA,NA,NA,NA,NA,0.94346446,0.879230098,0.746840421,0.911778171,NA,NA,NA,NA,NA,NA,NA,NA,NA,NA,NA,NA,NA,NA,NA,NA,NA,NA,NA,NA,NA,NA,NA,NA,NA,NA,NA,NA,NA,NA,NA,NA,NA,NA,NA,NA,NA,NA,NA,NA,NA,NA,NA,NA,NA,NA,NA,NA,NA,NA,NA,NA,NA,NA,NA,NA,NA,NA,NA,NA,NA,NA,NA,NA,NA,NA,NA,NA,NA,NA,NA,NA
E00148528,E07000189,South Somerset,E12000009,South West,376,5,5b,5b2,1.298271333,1.268225636,1.088112938,1.561510897,1.446522743,1.679978934,1.5064522,1.298271333,1.723749517,1.461657831,1.505018563,NA,NA,NA,NA,NA,NA,NA,NA,NA,NA,NA,NA,NA,NA,1.362102656,1.268225636,NA,NA,NA,NA,NA,NA,NA,NA,NA,NA,NA,NA,NA,NA,NA,NA,NA,NA,NA,NA,NA,NA,NA,NA,NA,NA,NA,NA,NA,NA,NA,NA,NA,NA,NA,NA,NA,NA,NA,NA,NA,NA,NA,NA,NA,NA,NA,NA,NA,NA,NA,NA,1.402467768,1.088112938,1.356281375,NA,NA,NA,NA,NA,NA,NA,NA,NA,NA,NA,NA,NA,NA,NA,NA,NA,NA,NA,NA,NA,NA,NA,NA,NA,NA,NA,NA,NA,NA,NA
E00148529,E07000189,South Somerset,E12000009,South West,221,5,5b,5b3,1.034145399,0.947873825,0.894651262,1.107566852,1.639456724,1.774053666,1.453846038,1.034145399,1.383678054,1.099609093,1.070857656,NA,NA,NA,NA,NA,NA,NA,NA,NA,NA,NA,NA,NA,NA,1.147767484,0.947873825,NA,NA,NA,NA,NA,NA,NA,NA,NA,NA,NA,NA,NA,NA,NA,NA,NA,NA,NA,NA,NA,NA,NA,NA,NA,NA,NA,NA,NA,NA,NA,NA,NA,NA,NA,NA,NA,NA,NA,NA,NA,NA,NA,NA,NA,NA,NA,NA,NA,NA,NA,NA,1.140265016,1.047935769,0.894651262,NA,NA,NA,NA,NA,NA,NA,NA,NA,NA,NA,NA,NA,NA,NA,NA,NA,NA,NA,NA,NA,NA,NA,NA,NA,NA,NA,NA,NA,NA,NA
E00148530,E07000189,South Somerset,E12000009,South West,551,5,5b,5b2,1.189535158,1.19959769,1.03257463,1.281858752,1.816234256,1.905288751,1.499205443,1.189535158,1.421737321,1.520896533,1.260413151,NA,NA,NA,NA,NA,NA,NA,NA,NA,NA,NA,NA,NA,NA,1.225014385,1.19959769,NA,NA,NA,NA,NA,NA,NA,NA,NA,NA,NA,NA,NA,NA,NA,NA,NA,NA,NA,NA,NA,NA,NA,NA,NA,NA,NA,NA,NA,NA,NA,NA,NA,NA,NA,NA,NA,NA,NA,NA,NA,NA,NA,NA,NA,NA,NA,NA,NA,NA,NA,NA,1.413434851,1.03257463,1.236083192,NA,NA,NA,NA,NA,NA,NA,NA,NA,NA,NA,NA,NA,NA,NA,NA,NA,NA,NA,NA,NA,NA,NA,NA,NA,NA,NA,NA,NA,NA,NA
E00148531,E07000189,South Somerset,E12000009,South West,232,8,8c,8c2,0.747391219,0.675163532,0.594528096,1.095401373,1.869055135,1.966867305,1.547746562,1.098945677,1.345845535,1.000065785,0.747391219,NA,NA,NA,NA,NA,NA,NA,NA,NA,NA,NA,NA,NA,NA,NA,NA,NA,NA,NA,NA,NA,NA,0.831246847,0.850676047,0.675163532,0.900453965,NA,NA,NA,NA,NA,NA,NA,NA,NA,NA,NA,NA,NA,NA,NA,NA,NA,NA,NA,NA,NA,NA,NA,NA,NA,NA,NA,NA,NA,NA,NA,NA,NA,NA,NA,NA,NA,NA,NA,NA,NA,NA,NA,NA,NA,NA,NA,NA,NA,NA,NA,NA,NA,NA,NA,NA,NA,NA,NA,NA,NA,NA,NA,NA,NA,NA,NA,NA,NA,NA,0.757656139,0.594528096,0.728358827,NA,NA,NA
E00148533,E07000189,South Somerset,E12000009,South West,260,5,5a,5a3,0.792252602,0.773391336,0.704989216,1.283643745,1.257001599,1.582065184,1.164787852,0.792252602,1.300852191,1.161931013,1.116601589,NA,NA,NA,NA,NA,NA,NA,NA,NA,NA,NA,NA,NA,NA,0.773391336,0.888920229,NA,NA,NA,NA,NA,NA,NA,NA,NA,NA,NA,NA,NA,NA,NA,NA,NA,NA,NA,NA,NA,NA,NA,NA,NA,NA,NA,NA,NA,NA,NA,NA,NA,NA,NA,NA,NA,NA,NA,NA,NA,NA,NA,NA,NA,NA,NA,NA,NA,0.861421747,0.898128272,0.704989216,NA,NA,NA,NA,NA,NA,NA,NA,NA,NA,NA,NA,NA,NA,NA,NA,NA,NA,NA,NA,NA,NA,NA,NA,NA,NA,NA,NA,NA,NA,NA,NA,NA,NA
E00148534,E07000189,South Somerset,E12000009,South West,412,1,1b,1b1,0.853735738,0.815943772,0.795780079,0.853735738,1.871464862,2.126173006,1.5746157,0.981654874,0.932269011,1.500698585,1.0623325,0.951872384,0.815943772,1.074254942,NA,NA,NA,NA,NA,NA,NA,NA,NA,NA,NA,NA,NA,NA,NA,NA,NA,NA,NA,NA,NA,NA,NA,NA,NA,NA,NA,0.795780079,0.849005611,0.920052241,NA,NA,NA,NA,NA,NA,NA,NA,NA,NA,NA,NA,NA,NA,NA,NA,NA,NA,NA,NA,NA,NA,NA,NA,NA,NA,NA,NA,NA,NA,NA,NA,NA,NA,NA,NA,NA,NA,NA,NA,NA,NA,NA,NA,NA,NA,NA,NA,NA,NA,NA,NA,NA,NA,NA,NA,NA,NA,NA,NA,NA,NA,NA,NA,NA,NA,NA,NA,NA
E00148535,E07000189,South Somerset,E12000009,South West,273,8,8a,8a1,0.757610507,0.658800226,0.648561032,1.034391534,1.829434254,2.022683686,1.463913546,0.945779979,0.925843853,1.264961338,0.757610507,NA,NA,NA,NA,NA,NA,NA,NA,NA,NA,NA,NA,NA,NA,NA,NA,NA,NA,NA,NA,NA,NA,0.658800226,0.768000073,0.859568382,0.963423724,NA,NA,NA,NA,NA,NA,NA,NA,NA,NA,NA,NA,NA,NA,NA,NA,NA,NA,NA,NA,NA,NA,NA,NA,NA,NA,NA,NA,NA,NA,NA,NA,NA,NA,NA,NA,NA,NA,NA,NA,NA,NA,NA,NA,NA,NA,NA,NA,NA,NA,NA,NA,NA,NA,NA,NA,NA,NA,NA,NA,NA,NA,NA,NA,NA,NA,0.648561032,0.735996041,NA,NA,NA,NA,NA,NA,NA,NA
E00148537,E07000189,South Somerset,E12000009,South West,410,8,8c,8c1,0.805243556,0.74152202,0.754422143,1.262194131,1.486086195,1.679030486,1.329487378,0.887214781,1.36366494,0.896469218,0.805243556,NA,NA,NA,NA,NA,NA,NA,NA,NA,NA,NA,NA,NA,NA,NA,NA,NA,NA,NA,NA,NA,NA,0.960572479,0.903772961,0.74152202,0.858285916,NA,NA,NA,NA,NA,NA,NA,NA,NA,NA,NA,NA,NA,NA,NA,NA,NA,NA,NA,NA,NA,NA,NA,NA,NA,NA,NA,NA,NA,NA,NA,NA,NA,NA,NA,NA,NA,NA,NA,NA,NA,NA,NA,NA,NA,NA,NA,NA,NA,NA,NA,NA,NA,NA,NA,NA,NA,NA,NA,NA,NA,NA,NA,NA,NA,NA,NA,NA,NA,NA,0.754422143,0.776361898,0.797778236,NA,NA,NA
E00148538,E07000189,South Somerset,E12000009,South West,245,1,1b,1b3,0.769586739,0.730603277,0.662788094,0.769586739,1.759643964,2.060150452,1.583816671,0.856099305,0.945705944,1.255486608,1.009719707,0.90591857,0.730603277,0.921049197,NA,NA,NA,NA,NA,NA,NA,NA,NA,NA,NA,NA,NA,NA,NA,NA,NA,NA,NA,NA,NA,NA,NA,NA,NA,NA,NA,0.823091562,0.775689229,0.662788094,NA,NA,NA,NA,NA,NA,NA,NA,NA,NA,NA,NA,NA,NA,NA,NA,NA,NA,NA,NA,NA,NA,NA,NA,NA,NA,NA,NA,NA,NA,NA,NA,NA,NA,NA,NA,NA,NA,NA,NA,NA,NA,NA,NA,NA,NA,NA,NA,NA,NA,NA,NA,NA,NA,NA,NA,NA,NA,NA,NA,NA,NA,NA,NA,NA,NA,NA,NA,NA
E00148539,E07000189,South Somerset,E12000009,South West,354,1,1b,1b1,0.788926924,0.703572495,0.608907136,0.788926924,1.985761177,2.134487774,1.570571473,1.009071547,0.842513026,1.396951774,0.85506306,0.951475491,0.703572495,0.995582882,NA,NA,NA,NA,NA,NA,NA,NA,NA,NA,NA,NA,NA,NA,NA,NA,NA,NA,NA,NA,NA,NA,NA,NA,NA,NA,NA,0.608907136,0.809774613,0.817853286,NA,NA,NA,NA,NA,NA,NA,NA,NA,NA,NA,NA,NA,NA,NA,NA,NA,NA,NA,NA,NA,NA,NA,NA,NA,NA,NA,NA,NA,NA,NA,NA,NA,NA,NA,NA,NA,NA,NA,NA,NA,NA,NA,NA,NA,NA,NA,NA,NA,NA,NA,NA,NA,NA,NA,NA,NA,NA,NA,NA,NA,NA,NA,NA,NA,NA,NA,NA,NA
E00148540,E07000189,South Somerset,E12000009,South West,244,5,5a,5a3,0.943515567,0.890162207,0.821931669,1.350830301,1.453900111,1.765335988,1.327195571,0.943515567,1.387698736,1.232207535,1.135644986,NA,NA,NA,NA,NA,NA,NA,NA,NA,NA,NA,NA,NA,NA,0.890162207,1.0652894,NA,NA,NA,NA,NA,NA,NA,NA,NA,NA,NA,NA,NA,NA,NA,NA,NA,NA,NA,NA,NA,NA,NA,NA,NA,NA,NA,NA,NA,NA,NA,NA,NA,NA,NA,NA,NA,NA,NA,NA,NA,NA,NA,NA,NA,NA,NA,NA,NA,0.925469762,1.057380424,0.821931669,NA,NA,NA,NA,NA,NA,NA,NA,NA,NA,NA,NA,NA,NA,NA,NA,NA,NA,NA,NA,NA,NA,NA,NA,NA,NA,NA,NA,NA,NA,NA,NA,NA,NA
E00148542,E07000189,South Somerset,E12000009,South West,307,5,5a,5a1,0.768998282,0.740880042,0.780939329,1.09011449,1.513274456,1.624016828,1.080092456,0.768998282,1.123689808,1.102995473,0.840934517,NA,NA,NA,NA,NA,NA,NA,NA,NA,NA,NA,NA,NA,NA,0.740880042,0.877160323,NA,NA,NA,NA,NA,NA,NA,NA,NA,NA,NA,NA,NA,NA,NA,NA,NA,NA,NA,NA,NA,NA,NA,NA,NA,NA,NA,NA,NA,NA,NA,NA,NA,NA,NA,NA,NA,NA,NA,NA,NA,NA,NA,NA,NA,NA,NA,NA,NA,0.780939329,0.790230059,0.820941137,NA,NA,NA,NA,NA,NA,NA,NA,NA,NA,NA,NA,NA,NA,NA,NA,NA,NA,NA,NA,NA,NA,NA,NA,NA,NA,NA,NA,NA,NA,NA,NA,NA,NA
E00148543,E07000189,South Somerset,E12000009,South West,356,5,5a,5a3,1.321265295,1.324335434,1.259391784,1.639340765,1.742652461,1.961945414,1.604470189,1.321265295,1.695453269,1.426177638,1.343266592,NA,NA,NA,NA,NA,NA,NA,NA,NA,NA,NA,NA,NA,NA,1.324335434,1.364916155,NA,NA,NA,NA,NA,NA,NA,NA,NA,NA,NA,NA,NA,NA,NA,NA,NA,NA,NA,NA,NA,NA,NA,NA,NA,NA,NA,NA,NA,NA,NA,NA,NA,NA,NA,NA,NA,NA,NA,NA,NA,NA,NA,NA,NA,NA,NA,NA,NA,1.363329562,1.442824057,1.259391784,NA,NA,NA,NA,NA,NA,NA,NA,NA,NA,NA,NA,NA,NA,NA,NA,NA,NA,NA,NA,NA,NA,NA,NA,NA,NA,NA,NA,NA,NA,NA,NA,NA,NA
E00148544,E07000189,South Somerset,E12000009,South West,200,5,5b,5b3,1.081396772,1.029528195,0.987649425,1.364934465,1.664537913,1.816596373,1.495073053,1.081396772,1.466791832,1.128362357,1.137664497,NA,NA,NA,NA,NA,NA,NA,NA,NA,NA,NA,NA,NA,NA,1.168832642,1.029528195,NA,NA,NA,NA,NA,NA,NA,NA,NA,NA,NA,NA,NA,NA,NA,NA,NA,NA,NA,NA,NA,NA,NA,NA,NA,NA,NA,NA,NA,NA,NA,NA,NA,NA,NA,NA,NA,NA,NA,NA,NA,NA,NA,NA,NA,NA,NA,NA,NA,NA,NA,NA,1.225014936,1.088525992,0.987649425,NA,NA,NA,NA,NA,NA,NA,NA,NA,NA,NA,NA,NA,NA,NA,NA,NA,NA,NA,NA,NA,NA,NA,NA,NA,NA,NA,NA,NA,NA,NA
E00148545,E07000189,South Somerset,E12000009,South West,213,5,5b,5b3,0.900147427,0.898255645,0.924827641,1.181147418,1.493492304,1.798706021,1.385199525,0.900147427,1.201771646,1.311179558,1.242799593,NA,NA,NA,NA,NA,NA,NA,NA,NA,NA,NA,NA,NA,NA,0.958520435,0.898255645,NA,NA,NA,NA,NA,NA,NA,NA,NA,NA,NA,NA,NA,NA,NA,NA,NA,NA,NA,NA,NA,NA,NA,NA,NA,NA,NA,NA,NA,NA,NA,NA,NA,NA,NA,NA,NA,NA,NA,NA,NA,NA,NA,NA,NA,NA,NA,NA,NA,NA,NA,NA,0.935517927,1.051747697,0.924827641,NA,NA,NA,NA,NA,NA,NA,NA,NA,NA,NA,NA,NA,NA,NA,NA,NA,NA,NA,NA,NA,NA,NA,NA,NA,NA,NA,NA,NA,NA,NA
E00148546,E07000189,South Somerset,E12000009,South West,167,5,5b,5b3,1.029319475,1.036859026,0.986345442,1.356163614,1.501677247,1.810409185,1.505215344,1.029319475,1.380626374,1.03247644,1.062101077,NA,NA,NA,NA,NA,NA,NA,NA,NA,NA,NA,NA,NA,NA,1.073408125,1.036859026,NA,NA,NA,NA,NA,NA,NA,NA,NA,NA,NA,NA,NA,NA,NA,NA,NA,NA,NA,NA,NA,NA,NA,NA,NA,NA,NA,NA,NA,NA,NA,NA,NA,NA,NA,NA,NA,NA,NA,NA,NA,NA,NA,NA,NA,NA,NA,NA,NA,NA,NA,NA,1.16762622,1.191457043,0.986345442,NA,NA,NA,NA,NA,NA,NA,NA,NA,NA,NA,NA,NA,NA,NA,NA,NA,NA,NA,NA,NA,NA,NA,NA,NA,NA,NA,NA,NA,NA,NA
E00148547,E07000189,South Somerset,E12000009,South West,310,6,6b,6b2,0.7491898,0.712744535,0.619613566,0.886756902,1.899061468,2.242143903,1.670655167,0.934782889,0.7491898,1.58006744,1.15498963,NA,NA,NA,NA,NA,NA,NA,NA,NA,NA,NA,NA,NA,NA,NA,NA,0.873266917,0.712744535,NA,NA,NA,NA,NA,NA,NA,NA,NA,NA,NA,NA,NA,NA,NA,NA,NA,NA,NA,NA,NA,NA,NA,NA,NA,NA,NA,NA,NA,NA,NA,NA,NA,NA,NA,NA,NA,NA,NA,NA,NA,NA,NA,NA,NA,NA,NA,NA,NA,NA,NA,NA,NA,NA,NA,NA,NA,0.970513026,0.619613566,0.8392076,0.766082538,NA,NA,NA,NA,NA,NA,NA,NA,NA,NA,NA,NA,NA,NA,NA,NA,NA,NA,NA,NA,NA,NA,NA
E00148548,E07000189,South Somerset,E12000009,South West,360,6,6a,6a2,0.928321556,0.932618615,0.843341261,0.98957417,2.089689997,2.426222358,1.924707277,1.250920293,0.928321556,1.821974969,1.435115421,NA,NA,NA,NA,NA,NA,NA,NA,NA,NA,NA,NA,NA,NA,NA,NA,0.932618615,0.974686446,NA,NA,NA,NA,NA,NA,NA,NA,NA,NA,NA,NA,NA,NA,NA,NA,NA,NA,NA,NA,NA,NA,NA,NA,NA,NA,NA,NA,NA,NA,NA,NA,NA,NA,NA,NA,NA,NA,NA,NA,NA,NA,NA,NA,NA,NA,NA,NA,NA,NA,NA,NA,NA,1.20567532,0.843341261,0.934361601,1.036993085,NA,NA,NA,NA,NA,NA,NA,NA,NA,NA,NA,NA,NA,NA,NA,NA,NA,NA,NA,NA,NA,NA,NA,NA,NA,NA,NA
E00148549,E07000189,South Somerset,E12000009,South West,202,1,1c,1c1,1.267743774,1.08019868,0.969893609,1.267743774,1.88636205,2.101411302,1.750585717,1.399275174,1.521553933,1.707862767,1.545143975,1.368468126,1.30264087,1.08019868,NA,NA,NA,NA,NA,NA,NA,NA,NA,NA,NA,NA,NA,NA,NA,NA,NA,NA,NA,NA,NA,NA,NA,NA,NA,NA,NA,NA,NA,NA,0.969893609,1.147286614,1.198029531,NA,NA,NA,NA,NA,NA,NA,NA,NA,NA,NA,NA,NA,NA,NA,NA,NA,NA,NA,NA,NA,NA,NA,NA,NA,NA,NA,NA,NA,NA,NA,NA,NA,NA,NA,NA,NA,NA,NA,NA,NA,NA,NA,NA,NA,NA,NA,NA,NA,NA,NA,NA,NA,NA,NA,NA,NA,NA,NA,NA,NA,NA,NA,NA,NA,NA
E00148550,E07000189,South Somerset,E12000009,South West,438,1,1b,1b3,0.548183071,0.473444987,0.503140198,0.548183071,1.950813479,2.128290677,1.626073938,0.969186931,0.925616527,1.357115947,0.947060054,0.724847515,0.473444987,0.798604952,NA,NA,NA,NA,NA,NA,NA,NA,NA,NA,NA,NA,NA,NA,NA,NA,NA,NA,NA,NA,NA,NA,NA,NA,NA,NA,NA,0.523822796,0.549607674,0.503140198,NA,NA,NA,NA,NA,NA,NA,NA,NA,NA,NA,NA,NA,NA,NA,NA,NA,NA,NA,NA,NA,NA,NA,NA,NA,NA,NA,NA,NA,NA,NA,NA,NA,NA,NA,NA,NA,NA,NA,NA,NA,NA,NA,NA,NA,NA,NA,NA,NA,NA,NA,NA,NA,NA,NA,NA,NA,NA,NA,NA,NA,NA,NA,NA,NA,NA,NA,NA,NA
E00148551,E07000189,South Somerset,E12000009,South West,340,1,1b,1b2,0.600255669,0.630866793,0.590962741,0.600255669,2.022890055,2.287314853,1.719242101,1.02174016,0.724751393,1.672788524,1.177958141,0.640514061,0.630866793,0.872143334,NA,NA,NA,NA,NA,NA,NA,NA,NA,NA,NA,NA,NA,NA,NA,NA,NA,NA,NA,NA,NA,NA,NA,NA,NA,NA,NA,0.630874214,0.590962741,0.818437096,NA,NA,NA,NA,NA,NA,NA,NA,NA,NA,NA,NA,NA,NA,NA,NA,NA,NA,NA,NA,NA,NA,NA,NA,NA,NA,NA,NA,NA,NA,NA,NA,NA,NA,NA,NA,NA,NA,NA,NA,NA,NA,NA,NA,NA,NA,NA,NA,NA,NA,NA,NA,NA,NA,NA,NA,NA,NA,NA,NA,NA,NA,NA,NA,NA,NA,NA,NA,NA
E00148552,E07000189,South Somerset,E12000009,South West,346,1,1a,1a4,0.617977285,0.545712261,0.512899152,0.617977285,1.983590663,2.238837302,1.760253731,1.14018766,0.790880279,1.604502382,1.310316358,0.545712261,0.732582601,0.844264668,NA,NA,NA,NA,NA,NA,NA,NA,NA,NA,NA,NA,NA,NA,NA,NA,NA,NA,NA,NA,NA,NA,NA,0.601860439,0.61850723,0.658022923,0.512899152,NA,NA,NA,NA,NA,NA,NA,NA,NA,NA,NA,NA,NA,NA,NA,NA,NA,NA,NA,NA,NA,NA,NA,NA,NA,NA,NA,NA,NA,NA,NA,NA,NA,NA,NA,NA,NA,NA,NA,NA,NA,NA,NA,NA,NA,NA,NA,NA,NA,NA,NA,NA,NA,NA,NA,NA,NA,NA,NA,NA,NA,NA,NA,NA,NA,NA,NA,NA,NA,NA,NA,NA
E00148553,E07000189,South Somerset,E12000009,South West,301,1,1b,1b3,0.806550551,0.728663855,0.666813166,0.806550551,1.997076726,2.106257006,1.613403861,1.127695697,1.191137254,1.343784249,0.996234631,0.964237981,0.728663855,0.999559968,NA,NA,NA,NA,NA,NA,NA,NA,NA,NA,NA,NA,NA,NA,NA,NA,NA,NA,NA,NA,NA,NA,NA,NA,NA,NA,NA,0.746021124,0.849800048,0.666813166,NA,NA,NA,NA,NA,NA,NA,NA,NA,NA,NA,NA,NA,NA,NA,NA,NA,NA,NA,NA,NA,NA,NA,NA,NA,NA,NA,NA,NA,NA,NA,NA,NA,NA,NA,NA,NA,NA,NA,NA,NA,NA,NA,NA,NA,NA,NA,NA,NA,NA,NA,NA,NA,NA,NA,NA,NA,NA,NA,NA,NA,NA,NA,NA,NA,NA,NA,NA,NA
E00148554,E07000189,South Somerset,E12000009,South West,320,1,1b,1b1,0.663551534,0.659895592,0.608243262,0.663551534,2.174494332,2.327870194,1.786103369,1.247457657,1.070939024,1.597932643,1.113368072,0.740971883,0.659895592,0.914382323,NA,NA,NA,NA,NA,NA,NA,NA,NA,NA,NA,NA,NA,NA,NA,NA,NA,NA,NA,NA,NA,NA,NA,NA,NA,NA,NA,0.608243262,0.739334164,0.767819311,NA,NA,NA,NA,NA,NA,NA,NA,NA,NA,NA,NA,NA,NA,NA,NA,NA,NA,NA,NA,NA,NA,NA,NA,NA,NA,NA,NA,NA,NA,NA,NA,NA,NA,NA,NA,NA,NA,NA,NA,NA,NA,NA,NA,NA,NA,NA,NA,NA,NA,NA,NA,NA,NA,NA,NA,NA,NA,NA,NA,NA,NA,NA,NA,NA,NA,NA,NA,NA
E00148555,E07000189,South Somerset,E12000009,South West,195,1,1b,1b2,0.552849068,0.569262563,0.599867336,0.552849068,1.9674139,2.161142889,1.666871884,1.059738363,0.982140992,1.472479354,1.096749554,0.600315362,0.569262563,0.876491603,NA,NA,NA,NA,NA,NA,NA,NA,NA,NA,NA,NA,NA,NA,NA,NA,NA,NA,NA,NA,NA,NA,NA,NA,NA,NA,NA,0.627632235,0.599867336,0.616957231,NA,NA,NA,NA,NA,NA,NA,NA,NA,NA,NA,NA,NA,NA,NA,NA,NA,NA,NA,NA,NA,NA,NA,NA,NA,NA,NA,NA,NA,NA,NA,NA,NA,NA,NA,NA,NA,NA,NA,NA,NA,NA,NA,NA,NA,NA,NA,NA,NA,NA,NA,NA,NA,NA,NA,NA,NA,NA,NA,NA,NA,NA,NA,NA,NA,NA,NA,NA,NA
E00148556,E07000189,South Somerset,E12000009,South West,117,1,1a,1a3,0.899234061,0.855775669,0.827461571,0.899234061,2.166050761,2.504221151,1.985606258,1.375193747,1.153898777,1.907381959,1.484071427,0.855775669,0.966964243,1.108580803,NA,NA,NA,NA,NA,NA,NA,NA,NA,NA,NA,NA,NA,NA,NA,NA,NA,NA,NA,NA,NA,NA,NA,1.00308532,0.83782648,0.827461571,0.974319845,NA,NA,NA,NA,NA,NA,NA,NA,NA,NA,NA,NA,NA,NA,NA,NA,NA,NA,NA,NA,NA,NA,NA,NA,NA,NA,NA,NA,NA,NA,NA,NA,NA,NA,NA,NA,NA,NA,NA,NA,NA,NA,NA,NA,NA,NA,NA,NA,NA,NA,NA,NA,NA,NA,NA,NA,NA,NA,NA,NA,NA,NA,NA,NA,NA,NA,NA,NA,NA,NA,NA,NA
E00148557,E07000189,South Somerset,E12000009,South West,154,1,1b,1b2,0.788252052,0.807770773,0.804498997,0.788252052,2.11496323,2.344956978,1.901181491,1.277308271,1.147099794,1.694065003,1.359389052,0.84207508,0.807770773,0.967626217,NA,NA,NA,NA,NA,NA,NA,NA,NA,NA,NA,NA,NA,NA,NA,NA,NA,NA,NA,NA,NA,NA,NA,NA,NA,NA,NA,0.866334052,0.804498997,0.850100303,NA,NA,NA,NA,NA,NA,NA,NA,NA,NA,NA,NA,NA,NA,NA,NA,NA,NA,NA,NA,NA,NA,NA,NA,NA,NA,NA,NA,NA,NA,NA,NA,NA,NA,NA,NA,NA,NA,NA,NA,NA,NA,NA,NA,NA,NA,NA,NA,NA,NA,NA,NA,NA,NA,NA,NA,NA,NA,NA,NA,NA,NA,NA,NA,NA,NA,NA,NA,NA
E00148558,E07000189,South Somerset,E12000009,South West,338,1,1c,1c3,0.731809249,0.611934508,0.552837677,0.731809249,2.070661084,2.348530072,1.855966277,1.176811492,0.962436405,1.756293192,1.39241308,0.767015093,0.844283289,0.611934508,NA,NA,NA,NA,NA,NA,NA,NA,NA,NA,NA,NA,NA,NA,NA,NA,NA,NA,NA,NA,NA,NA,NA,NA,NA,NA,NA,NA,NA,NA,0.727928873,0.738394859,0.552837677,NA,NA,NA,NA,NA,NA,NA,NA,NA,NA,NA,NA,NA,NA,NA,NA,NA,NA,NA,NA,NA,NA,NA,NA,NA,NA,NA,NA,NA,NA,NA,NA,NA,NA,NA,NA,NA,NA,NA,NA,NA,NA,NA,NA,NA,NA,NA,NA,NA,NA,NA,NA,NA,NA,NA,NA,NA,NA,NA,NA,NA,NA,NA,NA,NA,NA
E00148559,E07000189,South Somerset,E12000009,South West,185,1,1b,1b1,0.851646177,0.750940796,0.714204359,0.851646177,2.006001267,2.152787134,1.626719831,1.10343042,1.063061801,1.394747274,0.928525794,1.034408824,0.750940796,1.023176449,NA,NA,NA,NA,NA,NA,NA,NA,NA,NA,NA,NA,NA,NA,NA,NA,NA,NA,NA,NA,NA,NA,NA,NA,NA,NA,NA,0.714204359,0.840797549,0.811354548,NA,NA,NA,NA,NA,NA,NA,NA,NA,NA,NA,NA,NA,NA,NA,NA,NA,NA,NA,NA,NA,NA,NA,NA,NA,NA,NA,NA,NA,NA,NA,NA,NA,NA,NA,NA,NA,NA,NA,NA,NA,NA,NA,NA,NA,NA,NA,NA,NA,NA,NA,NA,NA,NA,NA,NA,NA,NA,NA,NA,NA,NA,NA,NA,NA,NA,NA,NA,NA
E00148560,E07000189,South Somerset,E12000009,South West,282,1,1b,1b2,0.760667651,0.766725544,0.740098915,0.760667651,1.854360495,2.14555045,1.619884318,0.89958628,0.893155092,1.48323573,1.164288347,0.858066308,0.766725544,0.880092363,NA,NA,NA,NA,NA,NA,NA,NA,NA,NA,NA,NA,NA,NA,NA,NA,NA,NA,NA,NA,NA,NA,NA,NA,NA,NA,NA,0.837660449,0.740098915,0.825545508,NA,NA,NA,NA,NA,NA,NA,NA,NA,NA,NA,NA,NA,NA,NA,NA,NA,NA,NA,NA,NA,NA,NA,NA,NA,NA,NA,NA,NA,NA,NA,NA,NA,NA,NA,NA,NA,NA,NA,NA,NA,NA,NA,NA,NA,NA,NA,NA,NA,NA,NA,NA,NA,NA,NA,NA,NA,NA,NA,NA,NA,NA,NA,NA,NA,NA,NA,NA,NA
E00148561,E07000189,South Somerset,E12000009,South West,334,1,1c,1c1,1.157665752,0.974611516,0.862347182,1.157665752,2.056500953,2.31655429,1.921542597,1.412760392,1.491904966,1.84388378,1.568778538,1.246168094,1.206845353,0.974611516,NA,NA,NA,NA,NA,NA,NA,NA,NA,NA,NA,NA,NA,NA,NA,NA,NA,NA,NA,NA,NA,NA,NA,NA,NA,NA,NA,NA,NA,NA,0.862347182,1.047337523,1.097293848,NA,NA,NA,NA,NA,NA,NA,NA,NA,NA,NA,NA,NA,NA,NA,NA,NA,NA,NA,NA,NA,NA,NA,NA,NA,NA,NA,NA,NA,NA,NA,NA,NA,NA,NA,NA,NA,NA,NA,NA,NA,NA,NA,NA,NA,NA,NA,NA,NA,NA,NA,NA,NA,NA,NA,NA,NA,NA,NA,NA,NA,NA,NA,NA,NA,NA
E00148562,E07000189,South Somerset,E12000009,South West,292,1,1b,1b1,0.826744442,0.71636725,0.647695464,0.826744442,2.017381375,2.134553395,1.610890524,1.051401107,0.936483823,1.341195295,0.864149931,1.02990921,0.71636725,0.972018161,NA,NA,NA,NA,NA,NA,NA,NA,NA,NA,NA,NA,NA,NA,NA,NA,NA,NA,NA,NA,NA,NA,NA,NA,NA,NA,NA,0.647695464,0.853820439,0.754078478,NA,NA,NA,NA,NA,NA,NA,NA,NA,NA,NA,NA,NA,NA,NA,NA,NA,NA,NA,NA,NA,NA,NA,NA,NA,NA,NA,NA,NA,NA,NA,NA,NA,NA,NA,NA,NA,NA,NA,NA,NA,NA,NA,NA,NA,NA,NA,NA,NA,NA,NA,NA,NA,NA,NA,NA,NA,NA,NA,NA,NA,NA,NA,NA,NA,NA,NA,NA,NA
E00148563,E07000189,South Somerset,E12000009,South West,235,1,1a,1a2,0.719333984,0.740328979,0.734491783,0.719333984,2.17755068,2.397753637,1.890083799,1.274366487,1.031057687,1.699760839,1.290977989,0.740328979,0.754896524,0.957173417,NA,NA,NA,NA,NA,NA,NA,NA,NA,NA,NA,NA,NA,NA,NA,NA,NA,NA,NA,NA,NA,NA,NA,0.899351898,0.734491783,0.752106347,0.785648735,NA,NA,NA,NA,NA,NA,NA,NA,NA,NA,NA,NA,NA,NA,NA,NA,NA,NA,NA,NA,NA,NA,NA,NA,NA,NA,NA,NA,NA,NA,NA,NA,NA,NA,NA,NA,NA,NA,NA,NA,NA,NA,NA,NA,NA,NA,NA,NA,NA,NA,NA,NA,NA,NA,NA,NA,NA,NA,NA,NA,NA,NA,NA,NA,NA,NA,NA,NA,NA,NA,NA,NA
E00148564,E07000189,South Somerset,E12000009,South West,157,1,1a,1a3,0.730362163,0.75002337,0.68970943,0.730362163,2.152306949,2.356965027,1.865508529,1.330991075,1.189148185,1.693896949,1.265300344,0.75002337,0.763237969,0.974613759,NA,NA,NA,NA,NA,NA,NA,NA,NA,NA,NA,NA,NA,NA,NA,NA,NA,NA,NA,NA,NA,NA,NA,0.84414474,0.807120021,0.68970943,0.90229845,NA,NA,NA,NA,NA,NA,NA,NA,NA,NA,NA,NA,NA,NA,NA,NA,NA,NA,NA,NA,NA,NA,NA,NA,NA,NA,NA,NA,NA,NA,NA,NA,NA,NA,NA,NA,NA,NA,NA,NA,NA,NA,NA,NA,NA,NA,NA,NA,NA,NA,NA,NA,NA,NA,NA,NA,NA,NA,NA,NA,NA,NA,NA,NA,NA,NA,NA,NA,NA,NA,NA,NA
E00148565,E07000189,South Somerset,E12000009,South West,460,1,1b,1b3,0.555089481,0.472241842,0.515516498,0.555089481,1.913239365,2.102944318,1.582645672,0.897467397,0.847671387,1.340748418,0.925235122,0.735067595,0.472241842,0.811543015,NA,NA,NA,NA,NA,NA,NA,NA,NA,NA,NA,NA,NA,NA,NA,NA,NA,NA,NA,NA,NA,NA,NA,NA,NA,NA,NA,0.517933112,0.544171237,0.515516498,NA,NA,NA,NA,NA,NA,NA,NA,NA,NA,NA,NA,NA,NA,NA,NA,NA,NA,NA,NA,NA,NA,NA,NA,NA,NA,NA,NA,NA,NA,NA,NA,NA,NA,NA,NA,NA,NA,NA,NA,NA,NA,NA,NA,NA,NA,NA,NA,NA,NA,NA,NA,NA,NA,NA,NA,NA,NA,NA,NA,NA,NA,NA,NA,NA,NA,NA,NA,NA
E00148566,E07000189,South Somerset,E12000009,South West,251,1,1b,1b2,0.60115511,0.545984049,0.568119911,0.60115511,1.899278661,2.033611274,1.545504385,1.012380477,0.999751665,1.375500046,1.000075127,0.749738624,0.545984049,0.847377659,NA,NA,NA,NA,NA,NA,NA,NA,NA,NA,NA,NA,NA,NA,NA,NA,NA,NA,NA,NA,NA,NA,NA,NA,NA,NA,NA,0.619154857,0.568119911,0.589062154,NA,NA,NA,NA,NA,NA,NA,NA,NA,NA,NA,NA,NA,NA,NA,NA,NA,NA,NA,NA,NA,NA,NA,NA,NA,NA,NA,NA,NA,NA,NA,NA,NA,NA,NA,NA,NA,NA,NA,NA,NA,NA,NA,NA,NA,NA,NA,NA,NA,NA,NA,NA,NA,NA,NA,NA,NA,NA,NA,NA,NA,NA,NA,NA,NA,NA,NA,NA,NA
E00148567,E07000189,South Somerset,E12000009,South West,208,1,1a,1a4,0.766205893,0.680264096,0.662545531,0.766205893,2.145562617,2.430300187,1.992001001,1.312527634,1.047846944,1.732714637,1.449750507,0.680264096,0.868151681,0.994708849,NA,NA,NA,NA,NA,NA,NA,NA,NA,NA,NA,NA,NA,NA,NA,NA,NA,NA,NA,NA,NA,NA,NA,0.823558576,0.729168799,0.697490836,0.662545531,NA,NA,NA,NA,NA,NA,NA,NA,NA,NA,NA,NA,NA,NA,NA,NA,NA,NA,NA,NA,NA,NA,NA,NA,NA,NA,NA,NA,NA,NA,NA,NA,NA,NA,NA,NA,NA,NA,NA,NA,NA,NA,NA,NA,NA,NA,NA,NA,NA,NA,NA,NA,NA,NA,NA,NA,NA,NA,NA,NA,NA,NA,NA,NA,NA,NA,NA,NA,NA,NA,NA,NA
E00148568,E07000189,South Somerset,E12000009,South West,229,1,1b,1b2,0.790056378,0.767266894,0.755234702,0.790056378,1.779550483,2.037990708,1.505187394,0.790653684,0.876232953,1.38345825,1.0629842,0.899265452,0.767266894,0.958369985,NA,NA,NA,NA,NA,NA,NA,NA,NA,NA,NA,NA,NA,NA,NA,NA,NA,NA,NA,NA,NA,NA,NA,NA,NA,NA,NA,0.847621113,0.755234702,0.793632288,NA,NA,NA,NA,NA,NA,NA,NA,NA,NA,NA,NA,NA,NA,NA,NA,NA,NA,NA,NA,NA,NA,NA,NA,NA,NA,NA,NA,NA,NA,NA,NA,NA,NA,NA,NA,NA,NA,NA,NA,NA,NA,NA,NA,NA,NA,NA,NA,NA,NA,NA,NA,NA,NA,NA,NA,NA,NA,NA,NA,NA,NA,NA,NA,NA,NA,NA,NA,NA
E00148569,E07000189,South Somerset,E12000009,South West,254,1,1b,1b1,0.746121399,0.738446517,0.744244605,0.746121399,2.048828499,2.242229925,1.671758271,1.033061848,0.850854514,1.510573852,1.109815035,0.845920971,0.738446517,0.911515723,NA,NA,NA,NA,NA,NA,NA,NA,NA,NA,NA,NA,NA,NA,NA,NA,NA,NA,NA,NA,NA,NA,NA,NA,NA,NA,NA,0.744244605,0.772211475,0.819299299,NA,NA,NA,NA,NA,NA,NA,NA,NA,NA,NA,NA,NA,NA,NA,NA,NA,NA,NA,NA,NA,NA,NA,NA,NA,NA,NA,NA,NA,NA,NA,NA,NA,NA,NA,NA,NA,NA,NA,NA,NA,NA,NA,NA,NA,NA,NA,NA,NA,NA,NA,NA,NA,NA,NA,NA,NA,NA,NA,NA,NA,NA,NA,NA,NA,NA,NA,NA,NA
E00148570,E07000189,South Somerset,E12000009,South West,299,8,8c,8c2,0.756079208,0.674532746,0.547958672,0.825727838,1.85720533,1.975667976,1.499496706,0.974578659,1.141390066,1.128198961,0.756079208,NA,NA,NA,NA,NA,NA,NA,NA,NA,NA,NA,NA,NA,NA,NA,NA,NA,NA,NA,NA,NA,NA,0.7570691,0.936241885,0.674532746,0.928664795,NA,NA,NA,NA,NA,NA,NA,NA,NA,NA,NA,NA,NA,NA,NA,NA,NA,NA,NA,NA,NA,NA,NA,NA,NA,NA,NA,NA,NA,NA,NA,NA,NA,NA,NA,NA,NA,NA,NA,NA,NA,NA,NA,NA,NA,NA,NA,NA,NA,NA,NA,NA,NA,NA,NA,NA,NA,NA,NA,NA,NA,NA,NA,NA,NA,NA,NA,NA,NA,NA,0.71638449,0.547958672,0.808026406,NA,NA,NA
E00148571,E07000189,South Somerset,E12000009,South West,303,1,1b,1b2,0.514495168,0.475420426,0.520948969,0.514495168,1.91146534,2.084342074,1.565013745,0.907289903,0.712330058,1.368471558,0.949928768,0.652368695,0.475420426,0.800703483,NA,NA,NA,NA,NA,NA,NA,NA,NA,NA,NA,NA,NA,NA,NA,NA,NA,NA,NA,NA,NA,NA,NA,NA,NA,NA,NA,0.523543449,0.520948969,0.549276197,NA,NA,NA,NA,NA,NA,NA,NA,NA,NA,NA,NA,NA,NA,NA,NA,NA,NA,NA,NA,NA,NA,NA,NA,NA,NA,NA,NA,NA,NA,NA,NA,NA,NA,NA,NA,NA,NA,NA,NA,NA,NA,NA,NA,NA,NA,NA,NA,NA,NA,NA,NA,NA,NA,NA,NA,NA,NA,NA,NA,NA,NA,NA,NA,NA,NA,NA,NA,NA
E00148572,E07000189,South Somerset,E12000009,South West,248,1,1a,1a2,0.612315993,0.582828929,0.536892362,0.612315993,1.888539457,2.145999611,1.660794519,1.043117367,0.887148755,1.649679724,1.297187954,0.582828929,0.691667634,0.874833702,NA,NA,NA,NA,NA,NA,NA,NA,NA,NA,NA,NA,NA,NA,NA,NA,NA,NA,NA,NA,NA,NA,NA,0.737238222,0.536892362,0.589724573,0.773986583,NA,NA,NA,NA,NA,NA,NA,NA,NA,NA,NA,NA,NA,NA,NA,NA,NA,NA,NA,NA,NA,NA,NA,NA,NA,NA,NA,NA,NA,NA,NA,NA,NA,NA,NA,NA,NA,NA,NA,NA,NA,NA,NA,NA,NA,NA,NA,NA,NA,NA,NA,NA,NA,NA,NA,NA,NA,NA,NA,NA,NA,NA,NA,NA,NA,NA,NA,NA,NA,NA,NA,NA
E00148573,E07000189,South Somerset,E12000009,South West,307,5,5a,5a1,0.867834256,0.848297724,0.788349626,0.934550325,1.751768658,1.952388916,1.41221787,0.867834256,1.080366741,1.391041623,1.053399172,NA,NA,NA,NA,NA,NA,NA,NA,NA,NA,NA,NA,NA,NA,0.848297724,0.959404115,NA,NA,NA,NA,NA,NA,NA,NA,NA,NA,NA,NA,NA,NA,NA,NA,NA,NA,NA,NA,NA,NA,NA,NA,NA,NA,NA,NA,NA,NA,NA,NA,NA,NA,NA,NA,NA,NA,NA,NA,NA,NA,NA,NA,NA,NA,NA,NA,NA,0.788349626,0.952329577,0.963998886,NA,NA,NA,NA,NA,NA,NA,NA,NA,NA,NA,NA,NA,NA,NA,NA,NA,NA,NA,NA,NA,NA,NA,NA,NA,NA,NA,NA,NA,NA,NA,NA,NA,NA
E00148574,E07000189,South Somerset,E12000009,South West,219,5,5a,5a1,0.846884821,0.878772809,0.802724043,0.878593015,1.698079523,1.926048345,1.486495519,0.846884821,1.132008888,1.135687011,0.897776169,NA,NA,NA,NA,NA,NA,NA,NA,NA,NA,NA,NA,NA,NA,0.878772809,0.882090929,NA,NA,NA,NA,NA,NA,NA,NA,NA,NA,NA,NA,NA,NA,NA,NA,NA,NA,NA,NA,NA,NA,NA,NA,NA,NA,NA,NA,NA,NA,NA,NA,NA,NA,NA,NA,NA,NA,NA,NA,NA,NA,NA,NA,NA,NA,NA,NA,NA,0.802724043,1.061692766,0.926334817,NA,NA,NA,NA,NA,NA,NA,NA,NA,NA,NA,NA,NA,NA,NA,NA,NA,NA,NA,NA,NA,NA,NA,NA,NA,NA,NA,NA,NA,NA,NA,NA,NA,NA
E00148575,E07000189,South Somerset,E12000009,South West,247,1,1c,1c3,1.180324857,1.092185843,1.040850979,1.180324857,2.155174307,2.497317511,1.983861331,1.396824157,1.18040317,1.927134142,1.571887279,1.229851287,1.237279619,1.092185843,NA,NA,NA,NA,NA,NA,NA,NA,NA,NA,NA,NA,NA,NA,NA,NA,NA,NA,NA,NA,NA,NA,NA,NA,NA,NA,NA,NA,NA,NA,1.209287062,1.143207703,1.040850979,NA,NA,NA,NA,NA,NA,NA,NA,NA,NA,NA,NA,NA,NA,NA,NA,NA,NA,NA,NA,NA,NA,NA,NA,NA,NA,NA,NA,NA,NA,NA,NA,NA,NA,NA,NA,NA,NA,NA,NA,NA,NA,NA,NA,NA,NA,NA,NA,NA,NA,NA,NA,NA,NA,NA,NA,NA,NA,NA,NA,NA,NA,NA,NA,NA,NA
E00148576,E07000189,South Somerset,E12000009,South West,225,7,7d,7d3,1.195157808,1.085824448,0.820789694,1.35287112,1.82084422,1.932816693,1.600835859,1.244966631,1.576825803,1.195157808,1.202720563,NA,NA,NA,NA,NA,NA,NA,NA,NA,NA,NA,NA,NA,NA,NA,NA,NA,NA,1.18303875,1.576549074,1.234807534,1.085824448,NA,NA,NA,NA,NA,NA,NA,NA,NA,NA,NA,NA,NA,NA,NA,NA,NA,NA,NA,NA,NA,NA,NA,NA,NA,NA,NA,NA,NA,NA,NA,NA,NA,NA,NA,NA,NA,NA,NA,NA,NA,NA,NA,NA,NA,NA,NA,NA,NA,NA,NA,NA,NA,NA,NA,NA,NA,NA,NA,NA,NA,NA,NA,NA,NA,NA,1.081180013,1.353153215,0.820789694,1.868330591,NA,NA,NA,NA,NA,NA,NA,NA,NA,NA
E00148577,E07000189,South Somerset,E12000009,South West,272,1,1c,1c2,0.872749337,0.648067668,0.626185046,0.872749337,1.953120874,2.232086837,1.745227348,1.051819354,1.097690232,1.504832833,1.215998097,1.035134597,0.890844182,0.648067668,NA,NA,NA,NA,NA,NA,NA,NA,NA,NA,NA,NA,NA,NA,NA,NA,NA,NA,NA,NA,NA,NA,NA,NA,NA,NA,NA,NA,NA,NA,0.833558764,0.626185046,0.664442766,NA,NA,NA,NA,NA,NA,NA,NA,NA,NA,NA,NA,NA,NA,NA,NA,NA,NA,NA,NA,NA,NA,NA,NA,NA,NA,NA,NA,NA,NA,NA,NA,NA,NA,NA,NA,NA,NA,NA,NA,NA,NA,NA,NA,NA,NA,NA,NA,NA,NA,NA,NA,NA,NA,NA,NA,NA,NA,NA,NA,NA,NA,NA,NA,NA,NA
E00148578,E07000189,South Somerset,E12000009,South West,129,1,1a,1a3,0.852636361,0.833931527,0.82032719,0.852636361,2.207683332,2.452787806,1.918670568,1.379436556,1.148955386,1.801061051,1.360618276,0.833931527,0.906099107,1.069556097,NA,NA,NA,NA,NA,NA,NA,NA,NA,NA,NA,NA,NA,NA,NA,NA,NA,NA,NA,NA,NA,NA,NA,0.881609704,0.876352436,0.82032719,0.980353879,NA,NA,NA,NA,NA,NA,NA,NA,NA,NA,NA,NA,NA,NA,NA,NA,NA,NA,NA,NA,NA,NA,NA,NA,NA,NA,NA,NA,NA,NA,NA,NA,NA,NA,NA,NA,NA,NA,NA,NA,NA,NA,NA,NA,NA,NA,NA,NA,NA,NA,NA,NA,NA,NA,NA,NA,NA,NA,NA,NA,NA,NA,NA,NA,NA,NA,NA,NA,NA,NA,NA,NA
E00148579,E07000189,South Somerset,E12000009,South West,319,8,8c,8c2,0.884204026,0.761795602,0.677380499,1.161952464,1.857206041,1.9599895,1.559206679,1.103818044,1.391720667,1.048772824,0.884204026,NA,NA,NA,NA,NA,NA,NA,NA,NA,NA,NA,NA,NA,NA,NA,NA,NA,NA,NA,NA,NA,NA,0.988340364,1.018063319,0.761795602,1.003890737,NA,NA,NA,NA,NA,NA,NA,NA,NA,NA,NA,NA,NA,NA,NA,NA,NA,NA,NA,NA,NA,NA,NA,NA,NA,NA,NA,NA,NA,NA,NA,NA,NA,NA,NA,NA,NA,NA,NA,NA,NA,NA,NA,NA,NA,NA,NA,NA,NA,NA,NA,NA,NA,NA,NA,NA,NA,NA,NA,NA,NA,NA,NA,NA,NA,NA,NA,NA,NA,NA,0.822246247,0.677380499,0.837091783,NA,NA,NA
E00148580,E07000189,South Somerset,E12000009,South West,192,7,7d,7d1,1.29591397,1.18289807,1.155675285,1.40953959,2.020301806,2.097930247,1.831823282,1.433649545,1.678688776,1.29591397,1.317315828,NA,NA,NA,NA,NA,NA,NA,NA,NA,NA,NA,NA,NA,NA,NA,NA,NA,NA,1.361714077,1.621672749,1.280307904,1.18289807,NA,NA,NA,NA,NA,NA,NA,NA,NA,NA,NA,NA,NA,NA,NA,NA,NA,NA,NA,NA,NA,NA,NA,NA,NA,NA,NA,NA,NA,NA,NA,NA,NA,NA,NA,NA,NA,NA,NA,NA,NA,NA,NA,NA,NA,NA,NA,NA,NA,NA,NA,NA,NA,NA,NA,NA,NA,NA,NA,NA,NA,NA,NA,NA,NA,NA,1.155675285,1.384371568,1.165039967,1.807793005,NA,NA,NA,NA,NA,NA,NA,NA,NA,NA
E00148581,E07000189,South Somerset,E12000009,South West,366,5,5b,5b2,0.995464554,0.924754459,0.744269366,1.108468506,1.642434672,1.826887889,1.49215086,0.995464554,1.383779616,1.236607657,1.152339261,NA,NA,NA,NA,NA,NA,NA,NA,NA,NA,NA,NA,NA,NA,1.099804313,0.924754459,NA,NA,NA,NA,NA,NA,NA,NA,NA,NA,NA,NA,NA,NA,NA,NA,NA,NA,NA,NA,NA,NA,NA,NA,NA,NA,NA,NA,NA,NA,NA,NA,NA,NA,NA,NA,NA,NA,NA,NA,NA,NA,NA,NA,NA,NA,NA,NA,NA,NA,NA,NA,1.174353261,0.744269366,0.964131917,NA,NA,NA,NA,NA,NA,NA,NA,NA,NA,NA,NA,NA,NA,NA,NA,NA,NA,NA,NA,NA,NA,NA,NA,NA,NA,NA,NA,NA,NA,NA
E00148582,E07000189,South Somerset,E12000009,South West,141,1,1a,1a3,0.701836096,0.702381437,0.664489221,0.701836096,2.111922662,2.336618199,1.883367652,1.29478045,1.105216276,1.623814357,1.282156488,0.702381437,0.777035474,0.8639041,NA,NA,NA,NA,NA,NA,NA,NA,NA,NA,NA,NA,NA,NA,NA,NA,NA,NA,NA,NA,NA,NA,NA,0.747929917,0.809573768,0.664489221,0.815508366,NA,NA,NA,NA,NA,NA,NA,NA,NA,NA,NA,NA,NA,NA,NA,NA,NA,NA,NA,NA,NA,NA,NA,NA,NA,NA,NA,NA,NA,NA,NA,NA,NA,NA,NA,NA,NA,NA,NA,NA,NA,NA,NA,NA,NA,NA,NA,NA,NA,NA,NA,NA,NA,NA,NA,NA,NA,NA,NA,NA,NA,NA,NA,NA,NA,NA,NA,NA,NA,NA,NA,NA
E00148583,E07000189,South Somerset,E12000009,South West,233,1,1a,1a2,0.640974487,0.614286588,0.541849275,0.640974487,2.069281124,2.348567231,1.875484865,1.18755736,0.9068653,1.729806337,1.345281613,0.614286588,0.710772512,0.912294723,NA,NA,NA,NA,NA,NA,NA,NA,NA,NA,NA,NA,NA,NA,NA,NA,NA,NA,NA,NA,NA,NA,NA,0.824105736,0.541849275,0.623785263,0.735282682,NA,NA,NA,NA,NA,NA,NA,NA,NA,NA,NA,NA,NA,NA,NA,NA,NA,NA,NA,NA,NA,NA,NA,NA,NA,NA,NA,NA,NA,NA,NA,NA,NA,NA,NA,NA,NA,NA,NA,NA,NA,NA,NA,NA,NA,NA,NA,NA,NA,NA,NA,NA,NA,NA,NA,NA,NA,NA,NA,NA,NA,NA,NA,NA,NA,NA,NA,NA,NA,NA,NA,NA
E00148584,E07000189,South Somerset,E12000009,South West,329,1,1b,1b2,0.5071193,0.524277635,0.524725359,0.5071193,1.994033333,2.206897568,1.706503018,1.082438045,0.848902944,1.551737931,1.116942436,0.573830508,0.524277635,0.819437317,NA,NA,NA,NA,NA,NA,NA,NA,NA,NA,NA,NA,NA,NA,NA,NA,NA,NA,NA,NA,NA,NA,NA,NA,NA,NA,NA,0.53829628,0.524725359,0.677590153,NA,NA,NA,NA,NA,NA,NA,NA,NA,NA,NA,NA,NA,NA,NA,NA,NA,NA,NA,NA,NA,NA,NA,NA,NA,NA,NA,NA,NA,NA,NA,NA,NA,NA,NA,NA,NA,NA,NA,NA,NA,NA,NA,NA,NA,NA,NA,NA,NA,NA,NA,NA,NA,NA,NA,NA,NA,NA,NA,NA,NA,NA,NA,NA,NA,NA,NA,NA,NA
E00148585,E07000189,South Somerset,E12000009,South West,309,1,1b,1b2,0.575181372,0.580734333,0.549490976,0.575181372,1.916671888,2.18847762,1.712174378,1.0255229,0.97794898,1.496523933,1.149800929,0.655803819,0.580734333,0.842593959,NA,NA,NA,NA,NA,NA,NA,NA,NA,NA,NA,NA,NA,NA,NA,NA,NA,NA,NA,NA,NA,NA,NA,NA,NA,NA,NA,0.686018816,0.549490976,0.629153395,NA,NA,NA,NA,NA,NA,NA,NA,NA,NA,NA,NA,NA,NA,NA,NA,NA,NA,NA,NA,NA,NA,NA,NA,NA,NA,NA,NA,NA,NA,NA,NA,NA,NA,NA,NA,NA,NA,NA,NA,NA,NA,NA,NA,NA,NA,NA,NA,NA,NA,NA,NA,NA,NA,NA,NA,NA,NA,NA,NA,NA,NA,NA,NA,NA,NA,NA,NA,NA
E00148586,E07000189,South Somerset,E12000009,South West,312,1,1a,1a2,0.600667335,0.540129714,0.491216637,0.600667335,2.117462717,2.385124652,1.866675242,1.181395473,0.769584757,1.725915203,1.300832114,0.540129714,0.696156944,0.877538931,NA,NA,NA,NA,NA,NA,NA,NA,NA,NA,NA,NA,NA,NA,NA,NA,NA,NA,NA,NA,NA,NA,NA,0.681500777,0.491216637,0.656891373,0.586548622,NA,NA,NA,NA,NA,NA,NA,NA,NA,NA,NA,NA,NA,NA,NA,NA,NA,NA,NA,NA,NA,NA,NA,NA,NA,NA,NA,NA,NA,NA,NA,NA,NA,NA,NA,NA,NA,NA,NA,NA,NA,NA,NA,NA,NA,NA,NA,NA,NA,NA,NA,NA,NA,NA,NA,NA,NA,NA,NA,NA,NA,NA,NA,NA,NA,NA,NA,NA,NA,NA,NA,NA
E00148587,E07000189,South Somerset,E12000009,South West,162,1,1a,1a3,0.764937074,0.792423957,0.763037665,0.764937074,1.99501268,2.217252336,1.776199726,1.201363472,1.081143292,1.603886239,1.292844388,0.792423957,0.796102755,0.981343923,NA,NA,NA,NA,NA,NA,NA,NA,NA,NA,NA,NA,NA,NA,NA,NA,NA,NA,NA,NA,NA,NA,NA,0.889031958,0.826671429,0.763037665,0.920027367,NA,NA,NA,NA,NA,NA,NA,NA,NA,NA,NA,NA,NA,NA,NA,NA,NA,NA,NA,NA,NA,NA,NA,NA,NA,NA,NA,NA,NA,NA,NA,NA,NA,NA,NA,NA,NA,NA,NA,NA,NA,NA,NA,NA,NA,NA,NA,NA,NA,NA,NA,NA,NA,NA,NA,NA,NA,NA,NA,NA,NA,NA,NA,NA,NA,NA,NA,NA,NA,NA,NA,NA
E00148588,E07000189,South Somerset,E12000009,South West,284,1,1a,1a1,0.817620786,0.764340108,0.787576827,0.817620786,2.065738558,2.256490522,1.869417128,1.298385962,1.053044027,1.648288918,1.400747459,0.764340108,0.893308772,1.048882694,NA,NA,NA,NA,NA,NA,NA,NA,NA,NA,NA,NA,NA,NA,NA,NA,NA,NA,NA,NA,NA,NA,NA,0.787576827,0.838552994,0.800675865,0.823108928,NA,NA,NA,NA,NA,NA,NA,NA,NA,NA,NA,NA,NA,NA,NA,NA,NA,NA,NA,NA,NA,NA,NA,NA,NA,NA,NA,NA,NA,NA,NA,NA,NA,NA,NA,NA,NA,NA,NA,NA,NA,NA,NA,NA,NA,NA,NA,NA,NA,NA,NA,NA,NA,NA,NA,NA,NA,NA,NA,NA,NA,NA,NA,NA,NA,NA,NA,NA,NA,NA,NA,NA
E00148589,E07000189,South Somerset,E12000009,South West,123,1,1a,1a3,0.894586632,0.809828935,0.786783994,0.894586632,2.13372813,2.371978518,1.971889852,1.425983921,1.188108832,1.80682984,1.524333655,0.809828935,0.987067216,1.110245934,NA,NA,NA,NA,NA,NA,NA,NA,NA,NA,NA,NA,NA,NA,NA,NA,NA,NA,NA,NA,NA,NA,NA,0.840080652,0.903062169,0.786783994,0.910142002,NA,NA,NA,NA,NA,NA,NA,NA,NA,NA,NA,NA,NA,NA,NA,NA,NA,NA,NA,NA,NA,NA,NA,NA,NA,NA,NA,NA,NA,NA,NA,NA,NA,NA,NA,NA,NA,NA,NA,NA,NA,NA,NA,NA,NA,NA,NA,NA,NA,NA,NA,NA,NA,NA,NA,NA,NA,NA,NA,NA,NA,NA,NA,NA,NA,NA,NA,NA,NA,NA,NA,NA
E00148590,E07000189,South Somerset,E12000009,South West,263,8,8d,8d3,0.94450046,0.892847993,0.756394578,1.427423968,1.753566347,1.719788494,1.338414592,1.20088502,1.600961629,0.996052182,0.94450046,NA,NA,NA,NA,NA,NA,NA,NA,NA,NA,NA,NA,NA,NA,NA,NA,NA,NA,NA,NA,NA,NA,1.100488543,1.070997051,0.917113058,0.892847993,NA,NA,NA,NA,NA,NA,NA,NA,NA,NA,NA,NA,NA,NA,NA,NA,NA,NA,NA,NA,NA,NA,NA,NA,NA,NA,NA,NA,NA,NA,NA,NA,NA,NA,NA,NA,NA,NA,NA,NA,NA,NA,NA,NA,NA,NA,NA,NA,NA,NA,NA,NA,NA,NA,NA,NA,NA,NA,NA,NA,NA,NA,NA,NA,NA,NA,NA,NA,NA,NA,NA,NA,NA,0.948382439,1.002137968,0.756394578
E00148591,E07000189,South Somerset,E12000009,South West,353,5,5b,5b2,0.979348526,0.960877449,0.869737952,1.289217536,1.606442113,1.771330149,1.375016957,0.979348526,1.386788823,1.154345913,1.10218951,NA,NA,NA,NA,NA,NA,NA,NA,NA,NA,NA,NA,NA,NA,1.046232713,0.960877449,NA,NA,NA,NA,NA,NA,NA,NA,NA,NA,NA,NA,NA,NA,NA,NA,NA,NA,NA,NA,NA,NA,NA,NA,NA,NA,NA,NA,NA,NA,NA,NA,NA,NA,NA,NA,NA,NA,NA,NA,NA,NA,NA,NA,NA,NA,NA,NA,NA,NA,NA,NA,1.180554733,0.869737952,0.98159317,NA,NA,NA,NA,NA,NA,NA,NA,NA,NA,NA,NA,NA,NA,NA,NA,NA,NA,NA,NA,NA,NA,NA,NA,NA,NA,NA,NA,NA,NA,NA
E00148592,E07000189,South Somerset,E12000009,South West,242,8,8c,8c3,0.866671892,0.805040738,0.780468675,1.409201865,1.783105729,1.811662834,1.466813773,1.173664464,1.512759042,0.915603934,0.866671892,NA,NA,NA,NA,NA,NA,NA,NA,NA,NA,NA,NA,NA,NA,NA,NA,NA,NA,NA,NA,NA,NA,1.018124842,0.959643305,0.805040738,0.911766179,NA,NA,NA,NA,NA,NA,NA,NA,NA,NA,NA,NA,NA,NA,NA,NA,NA,NA,NA,NA,NA,NA,NA,NA,NA,NA,NA,NA,NA,NA,NA,NA,NA,NA,NA,NA,NA,NA,NA,NA,NA,NA,NA,NA,NA,NA,NA,NA,NA,NA,NA,NA,NA,NA,NA,NA,NA,NA,NA,NA,NA,NA,NA,NA,NA,NA,NA,NA,NA,NA,0.887433039,0.807844225,0.780468675,NA,NA,NA
E00148593,E07000189,South Somerset,E12000009,South West,364,8,8c,8c1,0.749003045,0.683886166,0.66330101,0.888879031,1.692948999,1.823479278,1.298918233,0.804344398,1.048446415,1.051119163,0.749003045,NA,NA,NA,NA,NA,NA,NA,NA,NA,NA,NA,NA,NA,NA,NA,NA,NA,NA,NA,NA,NA,NA,0.775129392,0.949303786,0.683886166,0.866131174,NA,NA,NA,NA,NA,NA,NA,NA,NA,NA,NA,NA,NA,NA,NA,NA,NA,NA,NA,NA,NA,NA,NA,NA,NA,NA,NA,NA,NA,NA,NA,NA,NA,NA,NA,NA,NA,NA,NA,NA,NA,NA,NA,NA,NA,NA,NA,NA,NA,NA,NA,NA,NA,NA,NA,NA,NA,NA,NA,NA,NA,NA,NA,NA,NA,NA,NA,NA,NA,NA,0.66330101,0.667271483,0.823452536,NA,NA,NA
E00148594,E07000189,South Somerset,E12000009,South West,547,5,5a,5a1,1.018911494,1.025325673,1.020801728,1.110965255,1.693215784,1.828065653,1.371605881,1.018911494,1.328918982,1.210210974,1.022246244,NA,NA,NA,NA,NA,NA,NA,NA,NA,NA,NA,NA,NA,NA,1.025325673,1.072117875,NA,NA,NA,NA,NA,NA,NA,NA,NA,NA,NA,NA,NA,NA,NA,NA,NA,NA,NA,NA,NA,NA,NA,NA,NA,NA,NA,NA,NA,NA,NA,NA,NA,NA,NA,NA,NA,NA,NA,NA,NA,NA,NA,NA,NA,NA,NA,NA,NA,1.020801728,1.141053875,1.045909658,NA,NA,NA,NA,NA,NA,NA,NA,NA,NA,NA,NA,NA,NA,NA,NA,NA,NA,NA,NA,NA,NA,NA,NA,NA,NA,NA,NA,NA,NA,NA,NA,NA,NA
E00148595,E07000189,South Somerset,E12000009,South West,320,6,6a,6a3,0.829351576,0.794611115,0.768418334,0.915408979,2.057457974,2.349139622,1.834812951,1.230408665,0.829351576,1.786461124,1.447929538,NA,NA,NA,NA,NA,NA,NA,NA,NA,NA,NA,NA,NA,NA,NA,NA,0.794611115,0.907309417,NA,NA,NA,NA,NA,NA,NA,NA,NA,NA,NA,NA,NA,NA,NA,NA,NA,NA,NA,NA,NA,NA,NA,NA,NA,NA,NA,NA,NA,NA,NA,NA,NA,NA,NA,NA,NA,NA,NA,NA,NA,NA,NA,NA,NA,NA,NA,NA,NA,NA,NA,NA,NA,0.993604514,0.906714808,0.768418334,0.865690923,NA,NA,NA,NA,NA,NA,NA,NA,NA,NA,NA,NA,NA,NA,NA,NA,NA,NA,NA,NA,NA,NA,NA,NA,NA,NA,NA
E00148596,E07000189,South Somerset,E12000009,South West,252,7,7a,7a1,0.876745873,0.827721579,0.762679602,1.511832615,1.621758617,1.641351494,1.404820228,1.21914389,1.638273556,0.876745873,1.009965873,NA,NA,NA,NA,NA,NA,NA,NA,NA,NA,NA,NA,NA,NA,NA,NA,NA,NA,0.827721579,1.173796882,0.899450712,1.195910318,NA,NA,NA,NA,NA,NA,NA,NA,NA,NA,NA,NA,NA,NA,NA,NA,NA,NA,NA,NA,NA,NA,NA,NA,NA,NA,NA,NA,NA,NA,NA,NA,NA,NA,NA,NA,NA,NA,NA,NA,NA,NA,NA,NA,NA,NA,NA,NA,NA,NA,NA,NA,NA,NA,NA,NA,NA,0.762679602,0.926314367,0.907409752,NA,NA,NA,NA,NA,NA,NA,NA,NA,NA,NA,NA,NA,NA,NA,NA,NA,NA,NA,NA
E00148597,E07000189,South Somerset,E12000009,South West,298,6,6b,6b2,0.895933026,0.857846423,0.794874705,0.91830396,2.141571458,2.382163275,1.816782964,1.179584046,0.895933026,1.667120673,1.178998349,NA,NA,NA,NA,NA,NA,NA,NA,NA,NA,NA,NA,NA,NA,NA,NA,1.011171443,0.857846423,NA,NA,NA,NA,NA,NA,NA,NA,NA,NA,NA,NA,NA,NA,NA,NA,NA,NA,NA,NA,NA,NA,NA,NA,NA,NA,NA,NA,NA,NA,NA,NA,NA,NA,NA,NA,NA,NA,NA,NA,NA,NA,NA,NA,NA,NA,NA,NA,NA,NA,NA,NA,NA,NA,NA,NA,NA,1.117514947,0.794874705,0.915731592,0.931656206,NA,NA,NA,NA,NA,NA,NA,NA,NA,NA,NA,NA,NA,NA,NA,NA,NA,NA,NA,NA,NA,NA,NA
E00148598,E07000189,South Somerset,E12000009,South West,320,1,1b,1b3,0.810493206,0.737952159,0.738659461,0.810493206,1.793445557,1.990676426,1.490196635,0.852247726,0.873406557,1.256706546,0.899045867,0.972567028,0.737952159,0.97368407,NA,NA,NA,NA,NA,NA,NA,NA,NA,NA,NA,NA,NA,NA,NA,NA,NA,NA,NA,NA,NA,NA,NA,NA,NA,NA,NA,0.758864425,0.814962304,0.738659461,NA,NA,NA,NA,NA,NA,NA,NA,NA,NA,NA,NA,NA,NA,NA,NA,NA,NA,NA,NA,NA,NA,NA,NA,NA,NA,NA,NA,NA,NA,NA,NA,NA,NA,NA,NA,NA,NA,NA,NA,NA,NA,NA,NA,NA,NA,NA,NA,NA,NA,NA,NA,NA,NA,NA,NA,NA,NA,NA,NA,NA,NA,NA,NA,NA,NA,NA,NA,NA
E00148599,E07000189,South Somerset,E12000009,South West,274,5,5b,5b3,1.034868343,0.877871578,0.829842324,1.061652768,1.740216136,1.874034273,1.568433211,1.034868343,1.146093374,1.129931537,1.107782772,NA,NA,NA,NA,NA,NA,NA,NA,NA,NA,NA,NA,NA,NA,1.194333296,0.877871578,NA,NA,NA,NA,NA,NA,NA,NA,NA,NA,NA,NA,NA,NA,NA,NA,NA,NA,NA,NA,NA,NA,NA,NA,NA,NA,NA,NA,NA,NA,NA,NA,NA,NA,NA,NA,NA,NA,NA,NA,NA,NA,NA,NA,NA,NA,NA,NA,NA,NA,NA,NA,1.044350394,1.017638745,0.829842324,NA,NA,NA,NA,NA,NA,NA,NA,NA,NA,NA,NA,NA,NA,NA,NA,NA,NA,NA,NA,NA,NA,NA,NA,NA,NA,NA,NA,NA,NA,NA
E00148600,E07000189,South Somerset,E12000009,South West,259,5,5b,5b3,1.027271774,0.988779489,0.956171094,1.126967083,1.807045668,2.070287136,1.589900193,1.027271774,1.162332726,1.306767415,1.132201099,NA,NA,NA,NA,NA,NA,NA,NA,NA,NA,NA,NA,NA,NA,1.107027693,0.988779489,NA,NA,NA,NA,NA,NA,NA,NA,NA,NA,NA,NA,NA,NA,NA,NA,NA,NA,NA,NA,NA,NA,NA,NA,NA,NA,NA,NA,NA,NA,NA,NA,NA,NA,NA,NA,NA,NA,NA,NA,NA,NA,NA,NA,NA,NA,NA,NA,NA,NA,NA,NA,1.136416177,1.100876322,0.956171094,NA,NA,NA,NA,NA,NA,NA,NA,NA,NA,NA,NA,NA,NA,NA,NA,NA,NA,NA,NA,NA,NA,NA,NA,NA,NA,NA,NA,NA,NA,NA
E00148601,E07000189,South Somerset,E12000009,South West,270,8,8c,8c2,0.899709938,0.860559088,0.844997663,1.253179943,1.62452696,1.672322284,1.249582896,0.962068796,1.347178742,1.023791428,0.899709938,NA,NA,NA,NA,NA,NA,NA,NA,NA,NA,NA,NA,NA,NA,NA,NA,NA,NA,NA,NA,NA,NA,1.018833829,1.047788985,0.860559088,0.898159762,NA,NA,NA,NA,NA,NA,NA,NA,NA,NA,NA,NA,NA,NA,NA,NA,NA,NA,NA,NA,NA,NA,NA,NA,NA,NA,NA,NA,NA,NA,NA,NA,NA,NA,NA,NA,NA,NA,NA,NA,NA,NA,NA,NA,NA,NA,NA,NA,NA,NA,NA,NA,NA,NA,NA,NA,NA,NA,NA,NA,NA,NA,NA,NA,NA,NA,NA,NA,NA,NA,0.876377782,0.844997663,0.937490903,NA,NA,NA
E00148602,E07000189,South Somerset,E12000009,South West,331,5,5a,5a1,0.867947253,0.877512019,0.811597367,0.957952593,1.702246226,1.929044247,1.432844085,0.867947253,1.072625668,1.268320231,0.982807574,NA,NA,NA,NA,NA,NA,NA,NA,NA,NA,NA,NA,NA,NA,0.877512019,0.927513746,NA,NA,NA,NA,NA,NA,NA,NA,NA,NA,NA,NA,NA,NA,NA,NA,NA,NA,NA,NA,NA,NA,NA,NA,NA,NA,NA,NA,NA,NA,NA,NA,NA,NA,NA,NA,NA,NA,NA,NA,NA,NA,NA,NA,NA,NA,NA,NA,NA,0.811597367,1.016688155,0.960705016,NA,NA,NA,NA,NA,NA,NA,NA,NA,NA,NA,NA,NA,NA,NA,NA,NA,NA,NA,NA,NA,NA,NA,NA,NA,NA,NA,NA,NA,NA,NA,NA,NA,NA
E00148603,E07000189,South Somerset,E12000009,South West,305,7,7d,7d3,1.049058522,1.001095019,0.736146168,1.594612625,1.583236221,1.690516905,1.560946472,1.330953474,1.801102201,1.049058522,1.306146088,NA,NA,NA,NA,NA,NA,NA,NA,NA,NA,NA,NA,NA,NA,NA,NA,NA,NA,1.031096037,1.317212021,1.166673322,1.001095019,NA,NA,NA,NA,NA,NA,NA,NA,NA,NA,NA,NA,NA,NA,NA,NA,NA,NA,NA,NA,NA,NA,NA,NA,NA,NA,NA,NA,NA,NA,NA,NA,NA,NA,NA,NA,NA,NA,NA,NA,NA,NA,NA,NA,NA,NA,NA,NA,NA,NA,NA,NA,NA,NA,NA,NA,NA,NA,NA,NA,NA,NA,NA,NA,NA,NA,1.054670651,1.172222543,0.736146168,1.853451668,NA,NA,NA,NA,NA,NA,NA,NA,NA,NA
E00148604,E07000189,South Somerset,E12000009,South West,311,7,7a,7a1,0.86685687,0.819413561,0.81125935,1.327661334,1.650084679,1.647394535,1.33440348,1.104598015,1.500828521,0.86685687,0.899754904,NA,NA,NA,NA,NA,NA,NA,NA,NA,NA,NA,NA,NA,NA,NA,NA,NA,NA,0.819413561,1.250236724,0.857762277,1.131397755,NA,NA,NA,NA,NA,NA,NA,NA,NA,NA,NA,NA,NA,NA,NA,NA,NA,NA,NA,NA,NA,NA,NA,NA,NA,NA,NA,NA,NA,NA,NA,NA,NA,NA,NA,NA,NA,NA,NA,NA,NA,NA,NA,NA,NA,NA,NA,NA,NA,NA,NA,NA,NA,NA,NA,NA,NA,0.81125935,0.897030878,0.890354774,NA,NA,NA,NA,NA,NA,NA,NA,NA,NA,NA,NA,NA,NA,NA,NA,NA,NA,NA,NA
E00148605,E07000189,South Somerset,E12000009,South West,303,1,1b,1b3,1.021299596,0.960799206,0.921288062,1.021299596,1.90207785,2.072591723,1.567295262,1.053801122,1.090397783,1.353244362,1.03091842,1.167635061,0.960799206,1.127862355,NA,NA,NA,NA,NA,NA,NA,NA,NA,NA,NA,NA,NA,NA,NA,NA,NA,NA,NA,NA,NA,NA,NA,NA,NA,NA,NA,0.964863438,1.060602095,0.921288062,NA,NA,NA,NA,NA,NA,NA,NA,NA,NA,NA,NA,NA,NA,NA,NA,NA,NA,NA,NA,NA,NA,NA,NA,NA,NA,NA,NA,NA,NA,NA,NA,NA,NA,NA,NA,NA,NA,NA,NA,NA,NA,NA,NA,NA,NA,NA,NA,NA,NA,NA,NA,NA,NA,NA,NA,NA,NA,NA,NA,NA,NA,NA,NA,NA,NA,NA,NA,NA
E00148606,E07000189,South Somerset,E12000009,South West,331,8,8a,8a1,0.850861714,0.848476413,0.832290344,0.959912827,1.798001584,1.848247144,1.356563766,1.003929776,1.226596816,1.190320553,0.850861714,NA,NA,NA,NA,NA,NA,NA,NA,NA,NA,NA,NA,NA,NA,NA,NA,NA,NA,NA,NA,NA,NA,0.848476413,1.040193243,0.849594027,0.913280835,NA,NA,NA,NA,NA,NA,NA,NA,NA,NA,NA,NA,NA,NA,NA,NA,NA,NA,NA,NA,NA,NA,NA,NA,NA,NA,NA,NA,NA,NA,NA,NA,NA,NA,NA,NA,NA,NA,NA,NA,NA,NA,NA,NA,NA,NA,NA,NA,NA,NA,NA,NA,NA,NA,NA,NA,NA,NA,NA,NA,NA,NA,NA,NA,NA,NA,0.832290344,0.91940907,NA,NA,NA,NA,NA,NA,NA,NA
E00148607,E07000189,South Somerset,E12000009,South West,297,8,8c,8c2,0.908577204,0.891852866,0.825077127,1.003211406,1.74446277,1.99307397,1.503085148,0.941828722,1.106650895,1.203202992,0.908577204,NA,NA,NA,NA,NA,NA,NA,NA,NA,NA,NA,NA,NA,NA,NA,NA,NA,NA,NA,NA,NA,NA,0.907915663,0.982497413,0.891852866,1.075948158,NA,NA,NA,NA,NA,NA,NA,NA,NA,NA,NA,NA,NA,NA,NA,NA,NA,NA,NA,NA,NA,NA,NA,NA,NA,NA,NA,NA,NA,NA,NA,NA,NA,NA,NA,NA,NA,NA,NA,NA,NA,NA,NA,NA,NA,NA,NA,NA,NA,NA,NA,NA,NA,NA,NA,NA,NA,NA,NA,NA,NA,NA,NA,NA,NA,NA,NA,NA,NA,NA,0.920142759,0.825077127,0.985420783,NA,NA,NA
E00148608,E07000189,South Somerset,E12000009,South West,330,6,6b,6b2,0.726660428,0.724253189,0.678652571,0.768206409,2.096359921,2.366527862,1.803452625,1.137454626,0.726660428,1.657716718,1.170840485,NA,NA,NA,NA,NA,NA,NA,NA,NA,NA,NA,NA,NA,NA,NA,NA,0.813223695,0.724253189,NA,NA,NA,NA,NA,NA,NA,NA,NA,NA,NA,NA,NA,NA,NA,NA,NA,NA,NA,NA,NA,NA,NA,NA,NA,NA,NA,NA,NA,NA,NA,NA,NA,NA,NA,NA,NA,NA,NA,NA,NA,NA,NA,NA,NA,NA,NA,NA,NA,NA,NA,NA,NA,NA,NA,NA,NA,1.022904552,0.678652571,0.764612291,0.801690316,NA,NA,NA,NA,NA,NA,NA,NA,NA,NA,NA,NA,NA,NA,NA,NA,NA,NA,NA,NA,NA,NA,NA
E00148609,E07000189,South Somerset,E12000009,South West,284,5,5a,5a1,0.989670743,0.95325787,0.839348779,1.045029939,1.810861849,2.100468814,1.539659692,0.989670743,1.049372353,1.452795775,1.076067732,NA,NA,NA,NA,NA,NA,NA,NA,NA,NA,NA,NA,NA,NA,0.95325787,1.091562937,NA,NA,NA,NA,NA,NA,NA,NA,NA,NA,NA,NA,NA,NA,NA,NA,NA,NA,NA,NA,NA,NA,NA,NA,NA,NA,NA,NA,NA,NA,NA,NA,NA,NA,NA,NA,NA,NA,NA,NA,NA,NA,NA,NA,NA,NA,NA,NA,NA,0.839348779,1.082267388,1.083565928,NA,NA,NA,NA,NA,NA,NA,NA,NA,NA,NA,NA,NA,NA,NA,NA,NA,NA,NA,NA,NA,NA,NA,NA,NA,NA,NA,NA,NA,NA,NA,NA,NA,NA
E00148610,E07000189,South Somerset,E12000009,South West,300,6,6b,6b4,0.745453378,0.757363028,0.744352928,0.84072857,1.942699858,2.224344287,1.720127132,1.047613195,0.745453378,1.552780242,1.181526591,NA,NA,NA,NA,NA,NA,NA,NA,NA,NA,NA,NA,NA,NA,NA,NA,0.812266905,0.757363028,NA,NA,NA,NA,NA,NA,NA,NA,NA,NA,NA,NA,NA,NA,NA,NA,NA,NA,NA,NA,NA,NA,NA,NA,NA,NA,NA,NA,NA,NA,NA,NA,NA,NA,NA,NA,NA,NA,NA,NA,NA,NA,NA,NA,NA,NA,NA,NA,NA,NA,NA,NA,NA,NA,NA,NA,NA,1.00755734,0.796316533,0.781779013,0.744352928,NA,NA,NA,NA,NA,NA,NA,NA,NA,NA,NA,NA,NA,NA,NA,NA,NA,NA,NA,NA,NA,NA,NA
E00148611,E07000189,South Somerset,E12000009,South West,295,1,1b,1b1,0.847945405,0.774112893,0.664814705,0.847945405,2.145501243,2.318529979,1.762312222,1.178887669,0.97498496,1.535877367,0.992675485,0.981156771,0.774112893,1.083081207,NA,NA,NA,NA,NA,NA,NA,NA,NA,NA,NA,NA,NA,NA,NA,NA,NA,NA,NA,NA,NA,NA,NA,NA,NA,NA,NA,0.664814705,0.905029431,0.861681658,NA,NA,NA,NA,NA,NA,NA,NA,NA,NA,NA,NA,NA,NA,NA,NA,NA,NA,NA,NA,NA,NA,NA,NA,NA,NA,NA,NA,NA,NA,NA,NA,NA,NA,NA,NA,NA,NA,NA,NA,NA,NA,NA,NA,NA,NA,NA,NA,NA,NA,NA,NA,NA,NA,NA,NA,NA,NA,NA,NA,NA,NA,NA,NA,NA,NA,NA,NA,NA
E00148612,E07000189,South Somerset,E12000009,South West,268,6,6b,6b4,0.872799469,0.902222024,0.840048369,0.878166807,1.803500812,2.131182957,1.680171131,0.99942249,0.872799469,1.521316608,1.269615258,NA,NA,NA,NA,NA,NA,NA,NA,NA,NA,NA,NA,NA,NA,NA,NA,0.904965569,0.902222024,NA,NA,NA,NA,NA,NA,NA,NA,NA,NA,NA,NA,NA,NA,NA,NA,NA,NA,NA,NA,NA,NA,NA,NA,NA,NA,NA,NA,NA,NA,NA,NA,NA,NA,NA,NA,NA,NA,NA,NA,NA,NA,NA,NA,NA,NA,NA,NA,NA,NA,NA,NA,NA,NA,NA,NA,NA,1.10230494,0.93801802,0.960565469,0.840048369,NA,NA,NA,NA,NA,NA,NA,NA,NA,NA,NA,NA,NA,NA,NA,NA,NA,NA,NA,NA,NA,NA,NA
E00148613,E07000189,South Somerset,E12000009,South West,335,8,8a,8a2,0.882304495,0.805094842,0.822568721,1.147230479,1.991862438,2.079251283,1.544311315,1.209998955,1.292376993,1.356584537,0.882304495,NA,NA,NA,NA,NA,NA,NA,NA,NA,NA,NA,NA,NA,NA,NA,NA,NA,NA,NA,NA,NA,NA,0.805094842,0.9816821,0.986597182,0.968027731,NA,NA,NA,NA,NA,NA,NA,NA,NA,NA,NA,NA,NA,NA,NA,NA,NA,NA,NA,NA,NA,NA,NA,NA,NA,NA,NA,NA,NA,NA,NA,NA,NA,NA,NA,NA,NA,NA,NA,NA,NA,NA,NA,NA,NA,NA,NA,NA,NA,NA,NA,NA,NA,NA,NA,NA,NA,NA,NA,NA,NA,NA,NA,NA,NA,NA,0.834595208,0.822568721,NA,NA,NA,NA,NA,NA,NA,NA
E00148614,E07000189,South Somerset,E12000009,South West,312,7,7a,7a1,1.093726171,0.94338711,0.840633851,1.690639287,1.609595791,1.494508625,1.288129783,1.340004687,1.808603335,1.093726171,1.226023357,NA,NA,NA,NA,NA,NA,NA,NA,NA,NA,NA,NA,NA,NA,NA,NA,NA,NA,0.94338711,1.358537999,1.181317802,1.403258236,NA,NA,NA,NA,NA,NA,NA,NA,NA,NA,NA,NA,NA,NA,NA,NA,NA,NA,NA,NA,NA,NA,NA,NA,NA,NA,NA,NA,NA,NA,NA,NA,NA,NA,NA,NA,NA,NA,NA,NA,NA,NA,NA,NA,NA,NA,NA,NA,NA,NA,NA,NA,NA,NA,NA,NA,NA,0.840633851,1.029008518,1.03671578,NA,NA,NA,NA,NA,NA,NA,NA,NA,NA,NA,NA,NA,NA,NA,NA,NA,NA,NA,NA
E00148615,E07000189,South Somerset,E12000009,South West,367,1,1b,1b3,0.843995381,0.764106393,0.749005877,0.843995381,1.704762361,1.802299907,1.283411695,0.884955512,1.054552225,1.217214262,0.909075821,1.023315298,0.764106393,0.96564774,NA,NA,NA,NA,NA,NA,NA,NA,NA,NA,NA,NA,NA,NA,NA,NA,NA,NA,NA,NA,NA,NA,NA,NA,NA,NA,NA,0.803597387,0.82932886,0.749005877,NA,NA,NA,NA,NA,NA,NA,NA,NA,NA,NA,NA,NA,NA,NA,NA,NA,NA,NA,NA,NA,NA,NA,NA,NA,NA,NA,NA,NA,NA,NA,NA,NA,NA,NA,NA,NA,NA,NA,NA,NA,NA,NA,NA,NA,NA,NA,NA,NA,NA,NA,NA,NA,NA,NA,NA,NA,NA,NA,NA,NA,NA,NA,NA,NA,NA,NA,NA,NA
E00148616,E07000189,South Somerset,E12000009,South West,274,7,7a,7a1,1.002757975,0.922340164,0.869674492,1.554126645,1.561751627,1.58220282,1.347123602,1.18682554,1.648512885,1.002757975,1.172372586,NA,NA,NA,NA,NA,NA,NA,NA,NA,NA,NA,NA,NA,NA,NA,NA,NA,NA,0.922340164,1.34224685,1.117646964,1.024501023,NA,NA,NA,NA,NA,NA,NA,NA,NA,NA,NA,NA,NA,NA,NA,NA,NA,NA,NA,NA,NA,NA,NA,NA,NA,NA,NA,NA,NA,NA,NA,NA,NA,NA,NA,NA,NA,NA,NA,NA,NA,NA,NA,NA,NA,NA,NA,NA,NA,NA,NA,NA,NA,NA,NA,NA,NA,0.869674492,0.945961354,1.042800912,NA,NA,NA,NA,NA,NA,NA,NA,NA,NA,NA,NA,NA,NA,NA,NA,NA,NA,NA,NA
E00148617,E07000189,South Somerset,E12000009,South West,392,7,7a,7a1,1.115211672,0.998024465,0.834251608,1.730169118,1.367595974,1.423609354,1.339310255,1.348266561,1.878336019,1.115211672,1.397820864,NA,NA,NA,NA,NA,NA,NA,NA,NA,NA,NA,NA,NA,NA,NA,NA,NA,NA,0.998024465,1.318618988,1.285746492,1.223055167,NA,NA,NA,NA,NA,NA,NA,NA,NA,NA,NA,NA,NA,NA,NA,NA,NA,NA,NA,NA,NA,NA,NA,NA,NA,NA,NA,NA,NA,NA,NA,NA,NA,NA,NA,NA,NA,NA,NA,NA,NA,NA,NA,NA,NA,NA,NA,NA,NA,NA,NA,NA,NA,NA,NA,NA,NA,0.834251608,0.990316698,1.179805925,NA,NA,NA,NA,NA,NA,NA,NA,NA,NA,NA,NA,NA,NA,NA,NA,NA,NA,NA,NA
E00148619,E07000189,South Somerset,E12000009,South West,295,6,6b,6b3,0.863166193,0.782915902,0.74500164,0.921444009,2.059400986,2.262426062,1.701672077,1.15108663,0.863166193,1.534128572,1.033900292,NA,NA,NA,NA,NA,NA,NA,NA,NA,NA,NA,NA,NA,NA,NA,NA,1.026661732,0.782915902,NA,NA,NA,NA,NA,NA,NA,NA,NA,NA,NA,NA,NA,NA,NA,NA,NA,NA,NA,NA,NA,NA,NA,NA,NA,NA,NA,NA,NA,NA,NA,NA,NA,NA,NA,NA,NA,NA,NA,NA,NA,NA,NA,NA,NA,NA,NA,NA,NA,NA,NA,NA,NA,NA,NA,NA,NA,0.95488914,0.843118099,0.74500164,0.869069447,NA,NA,NA,NA,NA,NA,NA,NA,NA,NA,NA,NA,NA,NA,NA,NA,NA,NA,NA,NA,NA,NA,NA
E00148620,E07000189,South Somerset,E12000009,South West,244,1,1c,1c3,1.192021506,1.040451645,1.002642325,1.192021506,2.023115078,2.34673862,1.879300969,1.316655034,1.305146396,1.704850111,1.495799818,1.273685917,1.23796139,1.040451645,NA,NA,NA,NA,NA,NA,NA,NA,NA,NA,NA,NA,NA,NA,NA,NA,NA,NA,NA,NA,NA,NA,NA,NA,NA,NA,NA,NA,NA,NA,1.162501229,1.07858334,1.002642325,NA,NA,NA,NA,NA,NA,NA,NA,NA,NA,NA,NA,NA,NA,NA,NA,NA,NA,NA,NA,NA,NA,NA,NA,NA,NA,NA,NA,NA,NA,NA,NA,NA,NA,NA,NA,NA,NA,NA,NA,NA,NA,NA,NA,NA,NA,NA,NA,NA,NA,NA,NA,NA,NA,NA,NA,NA,NA,NA,NA,NA,NA,NA,NA,NA,NA
E00148621,E07000189,South Somerset,E12000009,South West,268,1,1b,1b3,0.695137826,0.650099458,0.624092868,0.695137826,1.894381446,2.111505784,1.577885732,0.939756081,0.894685124,1.28325885,0.880363331,0.839781553,0.650099458,0.875492693,NA,NA,NA,NA,NA,NA,NA,NA,NA,NA,NA,NA,NA,NA,NA,NA,NA,NA,NA,NA,NA,NA,NA,NA,NA,NA,NA,0.661260633,0.765545326,0.624092868,NA,NA,NA,NA,NA,NA,NA,NA,NA,NA,NA,NA,NA,NA,NA,NA,NA,NA,NA,NA,NA,NA,NA,NA,NA,NA,NA,NA,NA,NA,NA,NA,NA,NA,NA,NA,NA,NA,NA,NA,NA,NA,NA,NA,NA,NA,NA,NA,NA,NA,NA,NA,NA,NA,NA,NA,NA,NA,NA,NA,NA,NA,NA,NA,NA,NA,NA,NA,NA
E00148622,E07000189,South Somerset,E12000009,South West,281,8,8c,8c2,0.945316661,0.895660706,0.8692563,1.336681733,1.799616267,1.863303216,1.461287696,1.149601193,1.472092895,1.077330634,0.945316661,NA,NA,NA,NA,NA,NA,NA,NA,NA,NA,NA,NA,NA,NA,NA,NA,NA,NA,NA,NA,NA,NA,1.059310108,1.056632732,0.895660706,0.98780559,NA,NA,NA,NA,NA,NA,NA,NA,NA,NA,NA,NA,NA,NA,NA,NA,NA,NA,NA,NA,NA,NA,NA,NA,NA,NA,NA,NA,NA,NA,NA,NA,NA,NA,NA,NA,NA,NA,NA,NA,NA,NA,NA,NA,NA,NA,NA,NA,NA,NA,NA,NA,NA,NA,NA,NA,NA,NA,NA,NA,NA,NA,NA,NA,NA,NA,NA,NA,NA,NA,0.948478305,0.8692563,0.927933487,NA,NA,NA
E00148623,E07000189,South Somerset,E12000009,South West,328,1,1b,1b3,0.975924652,1.00098129,0.997587717,0.975924652,1.847259814,2.083734686,1.66107275,1.044505228,0.976181797,1.501243822,1.302734796,1.039261355,1.00098129,1.037853496,NA,NA,NA,NA,NA,NA,NA,NA,NA,NA,NA,NA,NA,NA,NA,NA,NA,NA,NA,NA,NA,NA,NA,NA,NA,NA,NA,1.06809506,1.004759598,0.997587717,NA,NA,NA,NA,NA,NA,NA,NA,NA,NA,NA,NA,NA,NA,NA,NA,NA,NA,NA,NA,NA,NA,NA,NA,NA,NA,NA,NA,NA,NA,NA,NA,NA,NA,NA,NA,NA,NA,NA,NA,NA,NA,NA,NA,NA,NA,NA,NA,NA,NA,NA,NA,NA,NA,NA,NA,NA,NA,NA,NA,NA,NA,NA,NA,NA,NA,NA,NA,NA
E00148624,E07000189,South Somerset,E12000009,South West,334,6,6a,6a3,0.73395295,0.707233045,0.567702734,0.981548468,2.167308285,2.470619964,1.984276997,1.313423727,0.73395295,1.809990004,1.450867754,NA,NA,NA,NA,NA,NA,NA,NA,NA,NA,NA,NA,NA,NA,NA,NA,0.707233045,0.812996457,NA,NA,NA,NA,NA,NA,NA,NA,NA,NA,NA,NA,NA,NA,NA,NA,NA,NA,NA,NA,NA,NA,NA,NA,NA,NA,NA,NA,NA,NA,NA,NA,NA,NA,NA,NA,NA,NA,NA,NA,NA,NA,NA,NA,NA,NA,NA,NA,NA,NA,NA,NA,NA,1.034412461,0.833504308,0.567702734,0.816563311,NA,NA,NA,NA,NA,NA,NA,NA,NA,NA,NA,NA,NA,NA,NA,NA,NA,NA,NA,NA,NA,NA,NA,NA,NA,NA,NA
E00148625,E07000189,South Somerset,E12000009,South West,293,8,8a,8a1,0.7781089,0.737200555,0.712942832,0.884805052,1.87635318,1.983947579,1.47153714,0.952716921,1.046431446,1.185789165,0.7781089,NA,NA,NA,NA,NA,NA,NA,NA,NA,NA,NA,NA,NA,NA,NA,NA,NA,NA,NA,NA,NA,NA,0.737200555,0.920282395,0.748274997,0.966619461,NA,NA,NA,NA,NA,NA,NA,NA,NA,NA,NA,NA,NA,NA,NA,NA,NA,NA,NA,NA,NA,NA,NA,NA,NA,NA,NA,NA,NA,NA,NA,NA,NA,NA,NA,NA,NA,NA,NA,NA,NA,NA,NA,NA,NA,NA,NA,NA,NA,NA,NA,NA,NA,NA,NA,NA,NA,NA,NA,NA,NA,NA,NA,NA,NA,NA,0.712942832,0.824071115,NA,NA,NA,NA,NA,NA,NA,NA
E00148626,E07000189,South Somerset,E12000009,South West,220,7,7a,7a1,0.947722811,0.886498274,0.792793267,1.528118601,1.527773186,1.533184368,1.367952154,1.239685787,1.709897063,0.947722811,1.198806774,NA,NA,NA,NA,NA,NA,NA,NA,NA,NA,NA,NA,NA,NA,NA,NA,NA,NA,0.886498274,1.22420816,1.077299025,1.021349067,NA,NA,NA,NA,NA,NA,NA,NA,NA,NA,NA,NA,NA,NA,NA,NA,NA,NA,NA,NA,NA,NA,NA,NA,NA,NA,NA,NA,NA,NA,NA,NA,NA,NA,NA,NA,NA,NA,NA,NA,NA,NA,NA,NA,NA,NA,NA,NA,NA,NA,NA,NA,NA,NA,NA,NA,NA,0.792793267,0.90499459,1.032254617,NA,NA,NA,NA,NA,NA,NA,NA,NA,NA,NA,NA,NA,NA,NA,NA,NA,NA,NA,NA
E00148627,E07000189,South Somerset,E12000009,South West,302,8,8c,8c2,0.823844057,0.776283146,0.756287564,1.277527118,1.839829518,1.871817062,1.487217275,1.140368436,1.386186968,1.017447824,0.823844057,NA,NA,NA,NA,NA,NA,NA,NA,NA,NA,NA,NA,NA,NA,NA,NA,NA,NA,NA,NA,NA,NA,0.916259619,0.945754782,0.776283146,0.907041933,NA,NA,NA,NA,NA,NA,NA,NA,NA,NA,NA,NA,NA,NA,NA,NA,NA,NA,NA,NA,NA,NA,NA,NA,NA,NA,NA,NA,NA,NA,NA,NA,NA,NA,NA,NA,NA,NA,NA,NA,NA,NA,NA,NA,NA,NA,NA,NA,NA,NA,NA,NA,NA,NA,NA,NA,NA,NA,NA,NA,NA,NA,NA,NA,NA,NA,NA,NA,NA,NA,0.850712809,0.756287564,0.7851899,NA,NA,NA
E00148628,E07000189,South Somerset,E12000009,South West,341,8,8d,8d3,0.983089917,0.944573097,0.933473084,1.438087019,1.700677423,1.687261645,1.393290957,1.195849971,1.593067079,1.04573919,0.983089917,NA,NA,NA,NA,NA,NA,NA,NA,NA,NA,NA,NA,NA,NA,NA,NA,NA,NA,NA,NA,NA,NA,1.136062452,1.093330513,0.955287911,0.944573097,NA,NA,NA,NA,NA,NA,NA,NA,NA,NA,NA,NA,NA,NA,NA,NA,NA,NA,NA,NA,NA,NA,NA,NA,NA,NA,NA,NA,NA,NA,NA,NA,NA,NA,NA,NA,NA,NA,NA,NA,NA,NA,NA,NA,NA,NA,NA,NA,NA,NA,NA,NA,NA,NA,NA,NA,NA,NA,NA,NA,NA,NA,NA,NA,NA,NA,NA,NA,NA,NA,NA,NA,NA,0.996362977,0.993256495,0.933473084
E00148629,E07000189,South Somerset,E12000009,South West,296,8,8c,8c2,0.937740321,0.933785556,0.923149584,1.252425567,1.623337088,1.703385352,1.208322594,0.945075642,1.333559816,1.103073983,0.937740321,NA,NA,NA,NA,NA,NA,NA,NA,NA,NA,NA,NA,NA,NA,NA,NA,NA,NA,NA,NA,NA,NA,1.041522796,1.053859305,0.933785556,0.936275993,NA,NA,NA,NA,NA,NA,NA,NA,NA,NA,NA,NA,NA,NA,NA,NA,NA,NA,NA,NA,NA,NA,NA,NA,NA,NA,NA,NA,NA,NA,NA,NA,NA,NA,NA,NA,NA,NA,NA,NA,NA,NA,NA,NA,NA,NA,NA,NA,NA,NA,NA,NA,NA,NA,NA,NA,NA,NA,NA,NA,NA,NA,NA,NA,NA,NA,NA,NA,NA,NA,0.932696747,0.923149584,1.022323892,NA,NA,NA
E00148630,E07000189,South Somerset,E12000009,South West,318,1,1c,1c2,1.063701706,0.835496828,0.750774196,1.063701706,1.972270229,2.147127276,1.618667099,1.122033507,1.165055133,1.465561092,1.146851826,1.237543472,1.058056627,0.835496828,NA,NA,NA,NA,NA,NA,NA,NA,NA,NA,NA,NA,NA,NA,NA,NA,NA,NA,NA,NA,NA,NA,NA,NA,NA,NA,NA,NA,NA,NA,0.971233596,0.750774196,0.919640301,NA,NA,NA,NA,NA,NA,NA,NA,NA,NA,NA,NA,NA,NA,NA,NA,NA,NA,NA,NA,NA,NA,NA,NA,NA,NA,NA,NA,NA,NA,NA,NA,NA,NA,NA,NA,NA,NA,NA,NA,NA,NA,NA,NA,NA,NA,NA,NA,NA,NA,NA,NA,NA,NA,NA,NA,NA,NA,NA,NA,NA,NA,NA,NA,NA,NA
E00148631,E07000189,South Somerset,E12000009,South West,292,8,8c,8c3,0.687283649,0.613830435,0.631456681,1.064920658,1.926555029,1.92081226,1.496399963,1.049476235,1.169610963,0.994083847,0.687283649,NA,NA,NA,NA,NA,NA,NA,NA,NA,NA,NA,NA,NA,NA,NA,NA,NA,NA,NA,NA,NA,NA,0.722133409,0.889400085,0.613830435,0.820305585,NA,NA,NA,NA,NA,NA,NA,NA,NA,NA,NA,NA,NA,NA,NA,NA,NA,NA,NA,NA,NA,NA,NA,NA,NA,NA,NA,NA,NA,NA,NA,NA,NA,NA,NA,NA,NA,NA,NA,NA,NA,NA,NA,NA,NA,NA,NA,NA,NA,NA,NA,NA,NA,NA,NA,NA,NA,NA,NA,NA,NA,NA,NA,NA,NA,NA,NA,NA,NA,NA,0.647338651,0.686855675,0.631456681,NA,NA,NA
E00148632,E07000189,South Somerset,E12000009,South West,106,1,1b,1b2,1.106119712,1.112003516,1.065769882,1.106119712,1.735556094,2.093324183,1.649027205,1.117864314,1.225398074,1.597923569,1.389982063,1.165806564,1.112003516,1.212157828,NA,NA,NA,NA,NA,NA,NA,NA,NA,NA,NA,NA,NA,NA,NA,NA,NA,NA,NA,NA,NA,NA,NA,NA,NA,NA,NA,1.205869937,1.065769882,1.122136917,NA,NA,NA,NA,NA,NA,NA,NA,NA,NA,NA,NA,NA,NA,NA,NA,NA,NA,NA,NA,NA,NA,NA,NA,NA,NA,NA,NA,NA,NA,NA,NA,NA,NA,NA,NA,NA,NA,NA,NA,NA,NA,NA,NA,NA,NA,NA,NA,NA,NA,NA,NA,NA,NA,NA,NA,NA,NA,NA,NA,NA,NA,NA,NA,NA,NA,NA,NA,NA
E00148633,E07000189,South Somerset,E12000009,South West,309,5,5b,5b3,0.714755232,0.707996318,0.594744626,0.771337842,1.727860825,1.967777176,1.483036432,0.714755232,0.882812445,1.176122437,0.860537552,NA,NA,NA,NA,NA,NA,NA,NA,NA,NA,NA,NA,NA,NA,0.790278776,0.707996318,NA,NA,NA,NA,NA,NA,NA,NA,NA,NA,NA,NA,NA,NA,NA,NA,NA,NA,NA,NA,NA,NA,NA,NA,NA,NA,NA,NA,NA,NA,NA,NA,NA,NA,NA,NA,NA,NA,NA,NA,NA,NA,NA,NA,NA,NA,NA,NA,NA,NA,NA,NA,0.910140593,0.944580014,0.594744626,NA,NA,NA,NA,NA,NA,NA,NA,NA,NA,NA,NA,NA,NA,NA,NA,NA,NA,NA,NA,NA,NA,NA,NA,NA,NA,NA,NA,NA,NA,NA
E00148634,E07000189,South Somerset,E12000009,South West,248,8,8c,8c2,0.620280448,0.635128649,0.647924979,1.090171592,1.83183969,1.836882657,1.374523891,1.003720271,1.201967445,0.97292107,0.620280448,NA,NA,NA,NA,NA,NA,NA,NA,NA,NA,NA,NA,NA,NA,NA,NA,NA,NA,NA,NA,NA,NA,0.676581537,0.758959385,0.635128649,0.728414263,NA,NA,NA,NA,NA,NA,NA,NA,NA,NA,NA,NA,NA,NA,NA,NA,NA,NA,NA,NA,NA,NA,NA,NA,NA,NA,NA,NA,NA,NA,NA,NA,NA,NA,NA,NA,NA,NA,NA,NA,NA,NA,NA,NA,NA,NA,NA,NA,NA,NA,NA,NA,NA,NA,NA,NA,NA,NA,NA,NA,NA,NA,NA,NA,NA,NA,NA,NA,NA,NA,0.691180857,0.647924979,0.666176613,NA,NA,NA
E00148635,E07000189,South Somerset,E12000009,South West,266,1,1b,1b2,0.68564416,0.686927171,0.647442167,0.68564416,1.904577041,2.213816676,1.693886429,0.936457326,0.817488555,1.517802441,1.149493268,0.763787142,0.686927171,0.909084092,NA,NA,NA,NA,NA,NA,NA,NA,NA,NA,NA,NA,NA,NA,NA,NA,NA,NA,NA,NA,NA,NA,NA,NA,NA,NA,NA,0.761485031,0.647442167,0.768659284,NA,NA,NA,NA,NA,NA,NA,NA,NA,NA,NA,NA,NA,NA,NA,NA,NA,NA,NA,NA,NA,NA,NA,NA,NA,NA,NA,NA,NA,NA,NA,NA,NA,NA,NA,NA,NA,NA,NA,NA,NA,NA,NA,NA,NA,NA,NA,NA,NA,NA,NA,NA,NA,NA,NA,NA,NA,NA,NA,NA,NA,NA,NA,NA,NA,NA,NA,NA,NA
E00148636,E07000189,South Somerset,E12000009,South West,220,1,1a,1a2,0.613444801,0.53926393,0.518050899,0.613444801,2.062816554,2.323277984,1.807559882,1.169361777,0.891579631,1.723559336,1.315219597,0.53926393,0.705575233,0.918238248,NA,NA,NA,NA,NA,NA,NA,NA,NA,NA,NA,NA,NA,NA,NA,NA,NA,NA,NA,NA,NA,NA,NA,0.676652982,0.518050899,0.53128108,0.763313039,NA,NA,NA,NA,NA,NA,NA,NA,NA,NA,NA,NA,NA,NA,NA,NA,NA,NA,NA,NA,NA,NA,NA,NA,NA,NA,NA,NA,NA,NA,NA,NA,NA,NA,NA,NA,NA,NA,NA,NA,NA,NA,NA,NA,NA,NA,NA,NA,NA,NA,NA,NA,NA,NA,NA,NA,NA,NA,NA,NA,NA,NA,NA,NA,NA,NA,NA,NA,NA,NA,NA,NA
E00148637,E07000189,South Somerset,E12000009,South West,254,1,1b,1b2,0.675255173,0.678100242,0.633332529,0.675255173,1.751969123,2.041844966,1.567078087,0.806589002,0.772479757,1.379305075,1.11306888,0.771356487,0.678100242,0.853343759,NA,NA,NA,NA,NA,NA,NA,NA,NA,NA,NA,NA,NA,NA,NA,NA,NA,NA,NA,NA,NA,NA,NA,NA,NA,NA,NA,0.806351116,0.633332529,0.68277241,NA,NA,NA,NA,NA,NA,NA,NA,NA,NA,NA,NA,NA,NA,NA,NA,NA,NA,NA,NA,NA,NA,NA,NA,NA,NA,NA,NA,NA,NA,NA,NA,NA,NA,NA,NA,NA,NA,NA,NA,NA,NA,NA,NA,NA,NA,NA,NA,NA,NA,NA,NA,NA,NA,NA,NA,NA,NA,NA,NA,NA,NA,NA,NA,NA,NA,NA,NA,NA
E00148638,E07000189,South Somerset,E12000009,South West,359,1,1b,1b2,0.519623489,0.517970675,0.518413021,0.519623489,2.002996167,2.209226385,1.698041338,1.068581626,0.957526398,1.550049576,1.122280073,0.619244071,0.517970675,0.799715025,NA,NA,NA,NA,NA,NA,NA,NA,NA,NA,NA,NA,NA,NA,NA,NA,NA,NA,NA,NA,NA,NA,NA,NA,NA,NA,NA,0.564608857,0.518413021,0.632807244,NA,NA,NA,NA,NA,NA,NA,NA,NA,NA,NA,NA,NA,NA,NA,NA,NA,NA,NA,NA,NA,NA,NA,NA,NA,NA,NA,NA,NA,NA,NA,NA,NA,NA,NA,NA,NA,NA,NA,NA,NA,NA,NA,NA,NA,NA,NA,NA,NA,NA,NA,NA,NA,NA,NA,NA,NA,NA,NA,NA,NA,NA,NA,NA,NA,NA,NA,NA,NA
E00148639,E07000189,South Somerset,E12000009,South West,256,6,6a,6a3,0.845497543,0.804028738,0.6615302,0.954332608,2.304547893,2.59435515,2.098181497,1.39716687,0.845497543,1.904333608,1.531867124,NA,NA,NA,NA,NA,NA,NA,NA,NA,NA,NA,NA,NA,NA,NA,NA,0.804028738,0.926837192,NA,NA,NA,NA,NA,NA,NA,NA,NA,NA,NA,NA,NA,NA,NA,NA,NA,NA,NA,NA,NA,NA,NA,NA,NA,NA,NA,NA,NA,NA,NA,NA,NA,NA,NA,NA,NA,NA,NA,NA,NA,NA,NA,NA,NA,NA,NA,NA,NA,NA,NA,NA,NA,1.154827654,0.899421465,0.6615302,0.897305824,NA,NA,NA,NA,NA,NA,NA,NA,NA,NA,NA,NA,NA,NA,NA,NA,NA,NA,NA,NA,NA,NA,NA,NA,NA,NA,NA
E00148640,E07000189,South Somerset,E12000009,South West,211,8,8a,8a2,0.812379379,0.724394559,0.749933085,0.951928468,2.004931207,2.090341668,1.568388975,1.156603001,1.191249935,1.304835245,0.812379379,NA,NA,NA,NA,NA,NA,NA,NA,NA,NA,NA,NA,NA,NA,NA,NA,NA,NA,NA,NA,NA,NA,0.724394559,0.882723805,0.893295886,0.975407556,NA,NA,NA,NA,NA,NA,NA,NA,NA,NA,NA,NA,NA,NA,NA,NA,NA,NA,NA,NA,NA,NA,NA,NA,NA,NA,NA,NA,NA,NA,NA,NA,NA,NA,NA,NA,NA,NA,NA,NA,NA,NA,NA,NA,NA,NA,NA,NA,NA,NA,NA,NA,NA,NA,NA,NA,NA,NA,NA,NA,NA,NA,NA,NA,NA,NA,0.752289581,0.749933085,NA,NA,NA,NA,NA,NA,NA,NA
E00148641,E07000189,South Somerset,E12000009,South West,284,1,1a,1a2,0.70805232,0.713329637,0.628473127,0.70805232,2.145738055,2.395680349,1.854244233,1.174711253,0.723174439,1.719211879,1.233617636,0.713329637,0.743830591,0.984942802,NA,NA,NA,NA,NA,NA,NA,NA,NA,NA,NA,NA,NA,NA,NA,NA,NA,NA,NA,NA,NA,NA,NA,0.840284326,0.628473127,0.826790943,0.761257011,NA,NA,NA,NA,NA,NA,NA,NA,NA,NA,NA,NA,NA,NA,NA,NA,NA,NA,NA,NA,NA,NA,NA,NA,NA,NA,NA,NA,NA,NA,NA,NA,NA,NA,NA,NA,NA,NA,NA,NA,NA,NA,NA,NA,NA,NA,NA,NA,NA,NA,NA,NA,NA,NA,NA,NA,NA,NA,NA,NA,NA,NA,NA,NA,NA,NA,NA,NA,NA,NA,NA,NA
E00148642,E07000189,South Somerset,E12000009,South West,295,1,1a,1a2,0.578086898,0.611971812,0.604838123,0.578086898,1.932326147,2.144602331,1.6695159,1.078374465,0.914822486,1.567315497,1.202543,0.611971812,0.622311277,0.837746442,NA,NA,NA,NA,NA,NA,NA,NA,NA,NA,NA,NA,NA,NA,NA,NA,NA,NA,NA,NA,NA,NA,NA,0.765977609,0.604838123,0.620054763,0.730619133,NA,NA,NA,NA,NA,NA,NA,NA,NA,NA,NA,NA,NA,NA,NA,NA,NA,NA,NA,NA,NA,NA,NA,NA,NA,NA,NA,NA,NA,NA,NA,NA,NA,NA,NA,NA,NA,NA,NA,NA,NA,NA,NA,NA,NA,NA,NA,NA,NA,NA,NA,NA,NA,NA,NA,NA,NA,NA,NA,NA,NA,NA,NA,NA,NA,NA,NA,NA,NA,NA,NA,NA
E00148643,E07000189,South Somerset,E12000009,South West,290,1,1a,1a3,0.635580105,0.567485756,0.55760179,0.635580105,2.240812058,2.47006629,1.947711024,1.306381389,0.984931312,1.790598515,1.359392838,0.567485756,0.719512262,0.943983102,NA,NA,NA,NA,NA,NA,NA,NA,NA,NA,NA,NA,NA,NA,NA,NA,NA,NA,NA,NA,NA,NA,NA,0.714824233,0.574760522,0.55760179,0.724482787,NA,NA,NA,NA,NA,NA,NA,NA,NA,NA,NA,NA,NA,NA,NA,NA,NA,NA,NA,NA,NA,NA,NA,NA,NA,NA,NA,NA,NA,NA,NA,NA,NA,NA,NA,NA,NA,NA,NA,NA,NA,NA,NA,NA,NA,NA,NA,NA,NA,NA,NA,NA,NA,NA,NA,NA,NA,NA,NA,NA,NA,NA,NA,NA,NA,NA,NA,NA,NA,NA,NA,NA
E00148644,E07000189,South Somerset,E12000009,South West,245,1,1b,1b1,0.717349714,0.752407724,0.769595654,0.717349714,2.052940986,2.264306203,1.760593868,1.119794494,0.956613417,1.586787554,1.207488914,0.79075152,0.752407724,0.825387483,NA,NA,NA,NA,NA,NA,NA,NA,NA,NA,NA,NA,NA,NA,NA,NA,NA,NA,NA,NA,NA,NA,NA,NA,NA,NA,NA,0.769595654,0.777240945,0.826889567,NA,NA,NA,NA,NA,NA,NA,NA,NA,NA,NA,NA,NA,NA,NA,NA,NA,NA,NA,NA,NA,NA,NA,NA,NA,NA,NA,NA,NA,NA,NA,NA,NA,NA,NA,NA,NA,NA,NA,NA,NA,NA,NA,NA,NA,NA,NA,NA,NA,NA,NA,NA,NA,NA,NA,NA,NA,NA,NA,NA,NA,NA,NA,NA,NA,NA,NA,NA,NA
E00148645,E07000189,South Somerset,E12000009,South West,275,8,8a,8a1,0.802393259,0.759123352,0.769343339,1.063994754,2.066330877,2.115995963,1.610906726,1.107535599,1.157996843,1.222417695,0.802393259,NA,NA,NA,NA,NA,NA,NA,NA,NA,NA,NA,NA,NA,NA,NA,NA,NA,NA,NA,NA,NA,NA,0.759123352,0.915633369,0.784206653,0.999736576,NA,NA,NA,NA,NA,NA,NA,NA,NA,NA,NA,NA,NA,NA,NA,NA,NA,NA,NA,NA,NA,NA,NA,NA,NA,NA,NA,NA,NA,NA,NA,NA,NA,NA,NA,NA,NA,NA,NA,NA,NA,NA,NA,NA,NA,NA,NA,NA,NA,NA,NA,NA,NA,NA,NA,NA,NA,NA,NA,NA,NA,NA,NA,NA,NA,NA,0.769343339,0.804193061,NA,NA,NA,NA,NA,NA,NA,NA
E00148646,E07000189,South Somerset,E12000009,South West,239,1,1b,1b1,0.766625833,0.802195088,0.76472244,0.766625833,2.123999567,2.378045767,1.778535039,1.155612828,0.928817595,1.721302275,1.238904724,0.833134521,0.802195088,0.866085479,NA,NA,NA,NA,NA,NA,NA,NA,NA,NA,NA,NA,NA,NA,NA,NA,NA,NA,NA,NA,NA,NA,NA,NA,NA,NA,NA,0.76472244,0.795249494,0.975210111,NA,NA,NA,NA,NA,NA,NA,NA,NA,NA,NA,NA,NA,NA,NA,NA,NA,NA,NA,NA,NA,NA,NA,NA,NA,NA,NA,NA,NA,NA,NA,NA,NA,NA,NA,NA,NA,NA,NA,NA,NA,NA,NA,NA,NA,NA,NA,NA,NA,NA,NA,NA,NA,NA,NA,NA,NA,NA,NA,NA,NA,NA,NA,NA,NA,NA,NA,NA,NA
E00148647,E07000189,South Somerset,E12000009,South West,288,8,8a,8a2,0.760280971,0.705681466,0.694363248,1.032606334,2.036095337,2.071810958,1.581917412,1.174714231,1.243201215,1.215774489,0.760280971,NA,NA,NA,NA,NA,NA,NA,NA,NA,NA,NA,NA,NA,NA,NA,NA,NA,NA,NA,NA,NA,NA,0.705681466,0.855402436,0.812974314,0.919910392,NA,NA,NA,NA,NA,NA,NA,NA,NA,NA,NA,NA,NA,NA,NA,NA,NA,NA,NA,NA,NA,NA,NA,NA,NA,NA,NA,NA,NA,NA,NA,NA,NA,NA,NA,NA,NA,NA,NA,NA,NA,NA,NA,NA,NA,NA,NA,NA,NA,NA,NA,NA,NA,NA,NA,NA,NA,NA,NA,NA,NA,NA,NA,NA,NA,NA,0.762153854,0.694363248,NA,NA,NA,NA,NA,NA,NA,NA
E00148648,E07000189,South Somerset,E12000009,South West,270,1,1b,1b3,0.723548452,0.734758074,0.670099815,0.723548452,1.881564705,2.179862804,1.725325141,1.006687946,1.065495074,1.428225757,1.200814223,0.801979327,0.734758074,0.896243784,NA,NA,NA,NA,NA,NA,NA,NA,NA,NA,NA,NA,NA,NA,NA,NA,NA,NA,NA,NA,NA,NA,NA,NA,NA,NA,NA,0.863018937,0.733446683,0.670099815,NA,NA,NA,NA,NA,NA,NA,NA,NA,NA,NA,NA,NA,NA,NA,NA,NA,NA,NA,NA,NA,NA,NA,NA,NA,NA,NA,NA,NA,NA,NA,NA,NA,NA,NA,NA,NA,NA,NA,NA,NA,NA,NA,NA,NA,NA,NA,NA,NA,NA,NA,NA,NA,NA,NA,NA,NA,NA,NA,NA,NA,NA,NA,NA,NA,NA,NA,NA,NA
E00148649,E07000189,South Somerset,E12000009,South West,311,1,1b,1b3,0.724811164,0.676212782,0.682645064,0.724811164,1.994570147,2.214140206,1.697717302,0.998835246,0.966317291,1.431885953,1.083199369,0.864706581,0.676212782,0.915048131,NA,NA,NA,NA,NA,NA,NA,NA,NA,NA,NA,NA,NA,NA,NA,NA,NA,NA,NA,NA,NA,NA,NA,NA,NA,NA,NA,0.751645233,0.698117969,0.682645064,NA,NA,NA,NA,NA,NA,NA,NA,NA,NA,NA,NA,NA,NA,NA,NA,NA,NA,NA,NA,NA,NA,NA,NA,NA,NA,NA,NA,NA,NA,NA,NA,NA,NA,NA,NA,NA,NA,NA,NA,NA,NA,NA,NA,NA,NA,NA,NA,NA,NA,NA,NA,NA,NA,NA,NA,NA,NA,NA,NA,NA,NA,NA,NA,NA,NA,NA,NA,NA
E00148650,E07000189,South Somerset,E12000009,South West,292,5,5b,5b3,0.779799033,0.768832223,0.695228588,0.967628511,1.669388659,1.819515227,1.337667002,0.779799033,1.040742865,1.142597615,0.903437068,NA,NA,NA,NA,NA,NA,NA,NA,NA,NA,NA,NA,NA,NA,0.853159342,0.768832223,NA,NA,NA,NA,NA,NA,NA,NA,NA,NA,NA,NA,NA,NA,NA,NA,NA,NA,NA,NA,NA,NA,NA,NA,NA,NA,NA,NA,NA,NA,NA,NA,NA,NA,NA,NA,NA,NA,NA,NA,NA,NA,NA,NA,NA,NA,NA,NA,NA,NA,NA,NA,0.966600469,0.938628497,0.695228588,NA,NA,NA,NA,NA,NA,NA,NA,NA,NA,NA,NA,NA,NA,NA,NA,NA,NA,NA,NA,NA,NA,NA,NA,NA,NA,NA,NA,NA,NA,NA
E00148651,E07000189,South Somerset,E12000009,South West,437,1,1b,1b3,0.785865307,0.697689758,0.610122283,0.785865307,1.816191241,2.029470069,1.562761611,0.843508358,0.990753782,1.147583939,0.892487359,0.967473979,0.697689758,0.946236923,NA,NA,NA,NA,NA,NA,NA,NA,NA,NA,NA,NA,NA,NA,NA,NA,NA,NA,NA,NA,NA,NA,NA,NA,NA,NA,NA,0.772635261,0.778707642,0.610122283,NA,NA,NA,NA,NA,NA,NA,NA,NA,NA,NA,NA,NA,NA,NA,NA,NA,NA,NA,NA,NA,NA,NA,NA,NA,NA,NA,NA,NA,NA,NA,NA,NA,NA,NA,NA,NA,NA,NA,NA,NA,NA,NA,NA,NA,NA,NA,NA,NA,NA,NA,NA,NA,NA,NA,NA,NA,NA,NA,NA,NA,NA,NA,NA,NA,NA,NA,NA,NA
E00148652,E07000189,South Somerset,E12000009,South West,300,1,1b,1b3,0.679430954,0.616599795,0.630426143,0.679430954,1.918112251,2.142005937,1.64527929,0.989146156,0.941599227,1.388945927,0.987661753,0.8256772,0.616599795,0.91273583,NA,NA,NA,NA,NA,NA,NA,NA,NA,NA,NA,NA,NA,NA,NA,NA,NA,NA,NA,NA,NA,NA,NA,NA,NA,NA,NA,0.63510502,0.704687036,0.630426143,NA,NA,NA,NA,NA,NA,NA,NA,NA,NA,NA,NA,NA,NA,NA,NA,NA,NA,NA,NA,NA,NA,NA,NA,NA,NA,NA,NA,NA,NA,NA,NA,NA,NA,NA,NA,NA,NA,NA,NA,NA,NA,NA,NA,NA,NA,NA,NA,NA,NA,NA,NA,NA,NA,NA,NA,NA,NA,NA,NA,NA,NA,NA,NA,NA,NA,NA,NA,NA
E00148653,E07000189,South Somerset,E12000009,South West,440,1,1a,1a4,0.778139175,0.788307397,0.699316112,0.778139175,2.124889926,2.410639475,1.887398643,1.186520731,0.794793695,1.734379656,1.309077309,0.788307397,0.834759071,0.945217431,NA,NA,NA,NA,NA,NA,NA,NA,NA,NA,NA,NA,NA,NA,NA,NA,NA,NA,NA,NA,NA,NA,NA,0.941179176,0.724736085,0.910820868,0.699316112,NA,NA,NA,NA,NA,NA,NA,NA,NA,NA,NA,NA,NA,NA,NA,NA,NA,NA,NA,NA,NA,NA,NA,NA,NA,NA,NA,NA,NA,NA,NA,NA,NA,NA,NA,NA,NA,NA,NA,NA,NA,NA,NA,NA,NA,NA,NA,NA,NA,NA,NA,NA,NA,NA,NA,NA,NA,NA,NA,NA,NA,NA,NA,NA,NA,NA,NA,NA,NA,NA,NA,NA
E00148654,E07000189,South Somerset,E12000009,South West,263,5,5b,5b2,1.044182567,1.000425612,0.807298924,1.149297428,1.739338312,2.025375323,1.619003318,1.044182567,1.324806814,1.390844045,1.256704499,NA,NA,NA,NA,NA,NA,NA,NA,NA,NA,NA,NA,NA,NA,1.127124387,1.000425612,NA,NA,NA,NA,NA,NA,NA,NA,NA,NA,NA,NA,NA,NA,NA,NA,NA,NA,NA,NA,NA,NA,NA,NA,NA,NA,NA,NA,NA,NA,NA,NA,NA,NA,NA,NA,NA,NA,NA,NA,NA,NA,NA,NA,NA,NA,NA,NA,NA,NA,NA,NA,1.220761369,0.807298924,1.057706057,NA,NA,NA,NA,NA,NA,NA,NA,NA,NA,NA,NA,NA,NA,NA,NA,NA,NA,NA,NA,NA,NA,NA,NA,NA,NA,NA,NA,NA,NA,NA
E00148655,E07000189,South Somerset,E12000009,South West,353,5,5a,5a1,0.707543504,0.716681472,0.600377312,0.74934919,1.696142856,1.975130889,1.383506899,0.707543504,0.905518251,1.270816276,0.91410146,NA,NA,NA,NA,NA,NA,NA,NA,NA,NA,NA,NA,NA,NA,0.716681472,0.782298674,NA,NA,NA,NA,NA,NA,NA,NA,NA,NA,NA,NA,NA,NA,NA,NA,NA,NA,NA,NA,NA,NA,NA,NA,NA,NA,NA,NA,NA,NA,NA,NA,NA,NA,NA,NA,NA,NA,NA,NA,NA,NA,NA,NA,NA,NA,NA,NA,NA,0.600377312,0.857305129,0.870093551,NA,NA,NA,NA,NA,NA,NA,NA,NA,NA,NA,NA,NA,NA,NA,NA,NA,NA,NA,NA,NA,NA,NA,NA,NA,NA,NA,NA,NA,NA,NA,NA,NA,NA
E00148656,E07000189,South Somerset,E12000009,South West,233,5,5b,5b3,0.976322735,0.954643448,0.893211633,1.227781437,1.583315016,1.733197118,1.391009766,0.976322735,1.394396252,1.016997527,0.988705823,NA,NA,NA,NA,NA,NA,NA,NA,NA,NA,NA,NA,NA,NA,1.045799556,0.954643448,NA,NA,NA,NA,NA,NA,NA,NA,NA,NA,NA,NA,NA,NA,NA,NA,NA,NA,NA,NA,NA,NA,NA,NA,NA,NA,NA,NA,NA,NA,NA,NA,NA,NA,NA,NA,NA,NA,NA,NA,NA,NA,NA,NA,NA,NA,NA,NA,NA,NA,NA,NA,1.166014718,1.042555222,0.893211633,NA,NA,NA,NA,NA,NA,NA,NA,NA,NA,NA,NA,NA,NA,NA,NA,NA,NA,NA,NA,NA,NA,NA,NA,NA,NA,NA,NA,NA,NA,NA
E00148657,E07000189,South Somerset,E12000009,South West,243,1,1b,1b3,0.92492359,0.908462647,0.885278937,0.92492359,1.888628335,2.123887362,1.713438041,1.05471997,1.049196799,1.401715685,1.218632775,1.019231713,0.908462647,1.06399025,NA,NA,NA,NA,NA,NA,NA,NA,NA,NA,NA,NA,NA,NA,NA,NA,NA,NA,NA,NA,NA,NA,NA,NA,NA,NA,NA,0.999344497,0.906143489,0.885278937,NA,NA,NA,NA,NA,NA,NA,NA,NA,NA,NA,NA,NA,NA,NA,NA,NA,NA,NA,NA,NA,NA,NA,NA,NA,NA,NA,NA,NA,NA,NA,NA,NA,NA,NA,NA,NA,NA,NA,NA,NA,NA,NA,NA,NA,NA,NA,NA,NA,NA,NA,NA,NA,NA,NA,NA,NA,NA,NA,NA,NA,NA,NA,NA,NA,NA,NA,NA,NA
E00148658,E07000189,South Somerset,E12000009,South West,272,5,5a,5a1,0.752736622,0.776235006,0.671737895,0.899163211,1.707639258,1.920421891,1.404013863,0.752736622,0.971423564,1.180282511,0.808488278,NA,NA,NA,NA,NA,NA,NA,NA,NA,NA,NA,NA,NA,NA,0.776235006,0.806499693,NA,NA,NA,NA,NA,NA,NA,NA,NA,NA,NA,NA,NA,NA,NA,NA,NA,NA,NA,NA,NA,NA,NA,NA,NA,NA,NA,NA,NA,NA,NA,NA,NA,NA,NA,NA,NA,NA,NA,NA,NA,NA,NA,NA,NA,NA,NA,NA,NA,0.671737895,0.930689909,0.89635649,NA,NA,NA,NA,NA,NA,NA,NA,NA,NA,NA,NA,NA,NA,NA,NA,NA,NA,NA,NA,NA,NA,NA,NA,NA,NA,NA,NA,NA,NA,NA,NA,NA,NA
E00148659,E07000189,South Somerset,E12000009,South West,250,8,8c,8c2,0.805012382,0.748147868,0.699894561,0.835396799,1.877332806,1.987547532,1.493691277,0.956277699,1.043936776,1.162509114,0.805012382,NA,NA,NA,NA,NA,NA,NA,NA,NA,NA,NA,NA,NA,NA,NA,NA,NA,NA,NA,NA,NA,NA,0.772392936,0.98808954,0.748147868,0.970477864,NA,NA,NA,NA,NA,NA,NA,NA,NA,NA,NA,NA,NA,NA,NA,NA,NA,NA,NA,NA,NA,NA,NA,NA,NA,NA,NA,NA,NA,NA,NA,NA,NA,NA,NA,NA,NA,NA,NA,NA,NA,NA,NA,NA,NA,NA,NA,NA,NA,NA,NA,NA,NA,NA,NA,NA,NA,NA,NA,NA,NA,NA,NA,NA,NA,NA,NA,NA,NA,NA,0.748761873,0.699894561,0.876684764,NA,NA,NA
E00148660,E07000189,South Somerset,E12000009,South West,170,7,7d,7d1,1.290519702,1.113258562,1.066378377,1.560682551,1.871579956,1.921676199,1.709618184,1.405049744,1.681126957,1.290519702,1.326318434,NA,NA,NA,NA,NA,NA,NA,NA,NA,NA,NA,NA,NA,NA,NA,NA,NA,NA,1.303841678,1.640054607,1.334302508,1.113258562,NA,NA,NA,NA,NA,NA,NA,NA,NA,NA,NA,NA,NA,NA,NA,NA,NA,NA,NA,NA,NA,NA,NA,NA,NA,NA,NA,NA,NA,NA,NA,NA,NA,NA,NA,NA,NA,NA,NA,NA,NA,NA,NA,NA,NA,NA,NA,NA,NA,NA,NA,NA,NA,NA,NA,NA,NA,NA,NA,NA,NA,NA,NA,NA,NA,NA,1.066378377,1.274583796,1.256532071,1.666649925,NA,NA,NA,NA,NA,NA,NA,NA,NA,NA
E00148661,E07000189,South Somerset,E12000009,South West,251,8,8c,8c2,0.916273532,0.830493165,0.737050512,1.061608657,1.65727562,1.88258673,1.481930286,0.933478555,1.269336977,1.098130463,0.916273532,NA,NA,NA,NA,NA,NA,NA,NA,NA,NA,NA,NA,NA,NA,NA,NA,NA,NA,NA,NA,NA,NA,1.004544808,0.990121082,0.830493165,1.062940607,NA,NA,NA,NA,NA,NA,NA,NA,NA,NA,NA,NA,NA,NA,NA,NA,NA,NA,NA,NA,NA,NA,NA,NA,NA,NA,NA,NA,NA,NA,NA,NA,NA,NA,NA,NA,NA,NA,NA,NA,NA,NA,NA,NA,NA,NA,NA,NA,NA,NA,NA,NA,NA,NA,NA,NA,NA,NA,NA,NA,NA,NA,NA,NA,NA,NA,NA,NA,NA,NA,0.873199725,0.737050512,0.928037787,NA,NA,NA
E00148662,E07000189,South Somerset,E12000009,South West,302,8,8a,8a2,0.72626561,0.732324754,0.720016129,1.148800205,1.923609198,1.967176648,1.475388584,1.121274833,1.266684322,1.117751492,0.72626561,NA,NA,NA,NA,NA,NA,NA,NA,NA,NA,NA,NA,NA,NA,NA,NA,NA,NA,NA,NA,NA,NA,0.732324754,0.874892408,0.76060858,0.814405294,NA,NA,NA,NA,NA,NA,NA,NA,NA,NA,NA,NA,NA,NA,NA,NA,NA,NA,NA,NA,NA,NA,NA,NA,NA,NA,NA,NA,NA,NA,NA,NA,NA,NA,NA,NA,NA,NA,NA,NA,NA,NA,NA,NA,NA,NA,NA,NA,NA,NA,NA,NA,NA,NA,NA,NA,NA,NA,NA,NA,NA,NA,NA,NA,NA,NA,0.787892293,0.720016129,NA,NA,NA,NA,NA,NA,NA,NA
E00148663,E07000189,South Somerset,E12000009,South West,274,1,1b,1b1,0.806734072,0.729282921,0.68451529,0.806734072,1.966552953,2.176947012,1.60819242,1.008766091,0.964628313,1.441644373,0.952349019,0.967491689,0.729282921,0.98963805,NA,NA,NA,NA,NA,NA,NA,NA,NA,NA,NA,NA,NA,NA,NA,NA,NA,NA,NA,NA,NA,NA,NA,NA,NA,NA,NA,0.68451529,0.801909652,0.826214947,NA,NA,NA,NA,NA,NA,NA,NA,NA,NA,NA,NA,NA,NA,NA,NA,NA,NA,NA,NA,NA,NA,NA,NA,NA,NA,NA,NA,NA,NA,NA,NA,NA,NA,NA,NA,NA,NA,NA,NA,NA,NA,NA,NA,NA,NA,NA,NA,NA,NA,NA,NA,NA,NA,NA,NA,NA,NA,NA,NA,NA,NA,NA,NA,NA,NA,NA,NA,NA
E00148664,E07000189,South Somerset,E12000009,South West,305,6,6b,6b3,0.682527959,0.676724185,0.676591529,0.710964556,2.091752743,2.328499655,1.783986948,1.088242549,0.682527959,1.558410461,1.104202958,NA,NA,NA,NA,NA,NA,NA,NA,NA,NA,NA,NA,NA,NA,NA,NA,0.777911993,0.676724185,NA,NA,NA,NA,NA,NA,NA,NA,NA,NA,NA,NA,NA,NA,NA,NA,NA,NA,NA,NA,NA,NA,NA,NA,NA,NA,NA,NA,NA,NA,NA,NA,NA,NA,NA,NA,NA,NA,NA,NA,NA,NA,NA,NA,NA,NA,NA,NA,NA,NA,NA,NA,NA,NA,NA,NA,NA,0.969294877,0.716443234,0.676591529,0.69160973,NA,NA,NA,NA,NA,NA,NA,NA,NA,NA,NA,NA,NA,NA,NA,NA,NA,NA,NA,NA,NA,NA,NA
E00148665,E07000189,South Somerset,E12000009,South West,272,1,1b,1b3,0.790040447,0.732754852,0.701291945,0.790040447,1.918303702,2.104853091,1.621907796,0.938576314,1.004964788,1.292384122,0.979708863,0.972178074,0.732754852,0.849567812,NA,NA,NA,NA,NA,NA,NA,NA,NA,NA,NA,NA,NA,NA,NA,NA,NA,NA,NA,NA,NA,NA,NA,NA,NA,NA,NA,0.788839964,0.794889003,0.701291945,NA,NA,NA,NA,NA,NA,NA,NA,NA,NA,NA,NA,NA,NA,NA,NA,NA,NA,NA,NA,NA,NA,NA,NA,NA,NA,NA,NA,NA,NA,NA,NA,NA,NA,NA,NA,NA,NA,NA,NA,NA,NA,NA,NA,NA,NA,NA,NA,NA,NA,NA,NA,NA,NA,NA,NA,NA,NA,NA,NA,NA,NA,NA,NA,NA,NA,NA,NA,NA
E00148666,E07000189,South Somerset,E12000009,South West,316,8,8a,8a2,0.696979325,0.648589225,0.644625635,0.955339849,1.850945636,1.924071948,1.440427118,1.00794187,1.066838101,1.127774653,0.696979325,NA,NA,NA,NA,NA,NA,NA,NA,NA,NA,NA,NA,NA,NA,NA,NA,NA,NA,NA,NA,NA,NA,0.648589225,0.857311545,0.724385536,0.841338851,NA,NA,NA,NA,NA,NA,NA,NA,NA,NA,NA,NA,NA,NA,NA,NA,NA,NA,NA,NA,NA,NA,NA,NA,NA,NA,NA,NA,NA,NA,NA,NA,NA,NA,NA,NA,NA,NA,NA,NA,NA,NA,NA,NA,NA,NA,NA,NA,NA,NA,NA,NA,NA,NA,NA,NA,NA,NA,NA,NA,NA,NA,NA,NA,NA,NA,0.703707382,0.644625635,NA,NA,NA,NA,NA,NA,NA,NA
E00148667,E07000189,South Somerset,E12000009,South West,332,1,1b,1b3,0.752786219,0.735477068,0.723956746,0.752786219,1.891963767,2.151130023,1.632983809,0.904537799,0.753158658,1.368080814,1.016764458,0.851480174,0.735477068,0.948372757,NA,NA,NA,NA,NA,NA,NA,NA,NA,NA,NA,NA,NA,NA,NA,NA,NA,NA,NA,NA,NA,NA,NA,NA,NA,NA,NA,0.790502046,0.784963445,0.723956746,NA,NA,NA,NA,NA,NA,NA,NA,NA,NA,NA,NA,NA,NA,NA,NA,NA,NA,NA,NA,NA,NA,NA,NA,NA,NA,NA,NA,NA,NA,NA,NA,NA,NA,NA,NA,NA,NA,NA,NA,NA,NA,NA,NA,NA,NA,NA,NA,NA,NA,NA,NA,NA,NA,NA,NA,NA,NA,NA,NA,NA,NA,NA,NA,NA,NA,NA,NA,NA
E00148668,E07000189,South Somerset,E12000009,South West,304,8,8b,8b2,0.602221744,0.661257434,0.664242131,1.218588429,1.859690614,1.92328843,1.443986784,1.085069884,1.301500466,1.01796923,0.602221744,NA,NA,NA,NA,NA,NA,NA,NA,NA,NA,NA,NA,NA,NA,NA,NA,NA,NA,NA,NA,NA,NA,0.669334401,0.661257434,0.696711567,0.685229141,NA,NA,NA,NA,NA,NA,NA,NA,NA,NA,NA,NA,NA,NA,NA,NA,NA,NA,NA,NA,NA,NA,NA,NA,NA,NA,NA,NA,NA,NA,NA,NA,NA,NA,NA,NA,NA,NA,NA,NA,NA,NA,NA,NA,NA,NA,NA,NA,NA,NA,NA,NA,NA,NA,NA,NA,NA,NA,NA,NA,NA,NA,NA,NA,NA,NA,NA,NA,0.751278309,0.664242131,NA,NA,NA,NA,NA,NA
E00148669,E07000189,South Somerset,E12000009,South West,274,8,8c,8c2,0.845147228,0.747155737,0.702693719,1.154030836,1.780987775,1.917372694,1.488298483,1.044779665,1.350593686,1.026789407,0.845147228,NA,NA,NA,NA,NA,NA,NA,NA,NA,NA,NA,NA,NA,NA,NA,NA,NA,NA,NA,NA,NA,NA,0.944864486,0.977343387,0.747155737,0.956405627,NA,NA,NA,NA,NA,NA,NA,NA,NA,NA,NA,NA,NA,NA,NA,NA,NA,NA,NA,NA,NA,NA,NA,NA,NA,NA,NA,NA,NA,NA,NA,NA,NA,NA,NA,NA,NA,NA,NA,NA,NA,NA,NA,NA,NA,NA,NA,NA,NA,NA,NA,NA,NA,NA,NA,NA,NA,NA,NA,NA,NA,NA,NA,NA,NA,NA,NA,NA,NA,NA,0.791950791,0.702693719,0.818562631,NA,NA,NA
E00148670,E07000189,South Somerset,E12000009,South West,278,6,6b,6b3,0.686444839,0.616201135,0.546329616,0.855737953,2.095069809,2.349802007,1.775567682,1.108544837,0.686444839,1.584277765,1.092238061,NA,NA,NA,NA,NA,NA,NA,NA,NA,NA,NA,NA,NA,NA,NA,NA,0.851310319,0.616201135,NA,NA,NA,NA,NA,NA,NA,NA,NA,NA,NA,NA,NA,NA,NA,NA,NA,NA,NA,NA,NA,NA,NA,NA,NA,NA,NA,NA,NA,NA,NA,NA,NA,NA,NA,NA,NA,NA,NA,NA,NA,NA,NA,NA,NA,NA,NA,NA,NA,NA,NA,NA,NA,NA,NA,NA,NA,0.887843578,0.686286331,0.546329616,0.707332749,NA,NA,NA,NA,NA,NA,NA,NA,NA,NA,NA,NA,NA,NA,NA,NA,NA,NA,NA,NA,NA,NA,NA
E00148671,E07000189,South Somerset,E12000009,South West,295,8,8a,8a1,0.980167131,0.872416614,0.882819194,1.038252464,2.176674553,2.310290745,1.753934447,1.242569282,1.137030994,1.474489696,0.980167131,NA,NA,NA,NA,NA,NA,NA,NA,NA,NA,NA,NA,NA,NA,NA,NA,NA,NA,NA,NA,NA,NA,0.872416614,1.042773992,1.023248537,1.174656197,NA,NA,NA,NA,NA,NA,NA,NA,NA,NA,NA,NA,NA,NA,NA,NA,NA,NA,NA,NA,NA,NA,NA,NA,NA,NA,NA,NA,NA,NA,NA,NA,NA,NA,NA,NA,NA,NA,NA,NA,NA,NA,NA,NA,NA,NA,NA,NA,NA,NA,NA,NA,NA,NA,NA,NA,NA,NA,NA,NA,NA,NA,NA,NA,NA,NA,0.882819194,0.910046432,NA,NA,NA,NA,NA,NA,NA,NA
E00148672,E07000189,South Somerset,E12000009,South West,294,5,5a,5a3,0.73944806,0.735373848,0.688232267,1.207308185,1.352836507,1.672080541,1.247304059,0.73944806,1.233415738,1.124176442,1.052623846,NA,NA,NA,NA,NA,NA,NA,NA,NA,NA,NA,NA,NA,NA,0.735373848,0.825241876,NA,NA,NA,NA,NA,NA,NA,NA,NA,NA,NA,NA,NA,NA,NA,NA,NA,NA,NA,NA,NA,NA,NA,NA,NA,NA,NA,NA,NA,NA,NA,NA,NA,NA,NA,NA,NA,NA,NA,NA,NA,NA,NA,NA,NA,NA,NA,NA,NA,0.777028784,0.903116635,0.688232267,NA,NA,NA,NA,NA,NA,NA,NA,NA,NA,NA,NA,NA,NA,NA,NA,NA,NA,NA,NA,NA,NA,NA,NA,NA,NA,NA,NA,NA,NA,NA,NA,NA,NA
E00148673,E07000189,South Somerset,E12000009,South West,260,5,5b,5b3,0.817176228,0.806307968,0.685441937,0.946170621,1.612002588,1.806676983,1.405336219,0.817176228,1.17575886,1.010253849,0.824174974,NA,NA,NA,NA,NA,NA,NA,NA,NA,NA,NA,NA,NA,NA,0.887761862,0.806307968,NA,NA,NA,NA,NA,NA,NA,NA,NA,NA,NA,NA,NA,NA,NA,NA,NA,NA,NA,NA,NA,NA,NA,NA,NA,NA,NA,NA,NA,NA,NA,NA,NA,NA,NA,NA,NA,NA,NA,NA,NA,NA,NA,NA,NA,NA,NA,NA,NA,NA,NA,NA,1.036576071,0.995773454,0.685441937,NA,NA,NA,NA,NA,NA,NA,NA,NA,NA,NA,NA,NA,NA,NA,NA,NA,NA,NA,NA,NA,NA,NA,NA,NA,NA,NA,NA,NA,NA,NA
E00148674,E07000189,South Somerset,E12000009,South West,282,7,7a,7a2,0.876163649,0.748100234,0.647503032,1.425283465,1.304508496,1.433167472,1.186533103,0.9886698,1.556744894,0.876163649,1.016908139,NA,NA,NA,NA,NA,NA,NA,NA,NA,NA,NA,NA,NA,NA,NA,NA,NA,NA,0.748100234,1.209372472,0.975081233,1.121577348,NA,NA,NA,NA,NA,NA,NA,NA,NA,NA,NA,NA,NA,NA,NA,NA,NA,NA,NA,NA,NA,NA,NA,NA,NA,NA,NA,NA,NA,NA,NA,NA,NA,NA,NA,NA,NA,NA,NA,NA,NA,NA,NA,NA,NA,NA,NA,NA,NA,NA,NA,NA,NA,NA,NA,NA,NA,0.731408995,0.647503032,0.952208781,NA,NA,NA,NA,NA,NA,NA,NA,NA,NA,NA,NA,NA,NA,NA,NA,NA,NA,NA,NA
E00148675,E07000189,South Somerset,E12000009,South West,294,1,1b,1b1,0.718914296,0.699627408,0.672098463,0.718914296,2.005603312,2.241483369,1.683641652,0.991886067,0.736063001,1.556337598,1.096592772,0.817474184,0.699627408,0.936067286,NA,NA,NA,NA,NA,NA,NA,NA,NA,NA,NA,NA,NA,NA,NA,NA,NA,NA,NA,NA,NA,NA,NA,NA,NA,NA,NA,0.672098463,0.717880331,0.846702431,NA,NA,NA,NA,NA,NA,NA,NA,NA,NA,NA,NA,NA,NA,NA,NA,NA,NA,NA,NA,NA,NA,NA,NA,NA,NA,NA,NA,NA,NA,NA,NA,NA,NA,NA,NA,NA,NA,NA,NA,NA,NA,NA,NA,NA,NA,NA,NA,NA,NA,NA,NA,NA,NA,NA,NA,NA,NA,NA,NA,NA,NA,NA,NA,NA,NA,NA,NA,NA
E00148676,E07000189,South Somerset,E12000009,South West,276,1,1b,1b3,0.737755086,0.673293149,0.591277637,0.737755086,2.020916565,2.15017151,1.672485951,1.109784666,1.141595845,1.264989919,0.922034207,0.923240106,0.673293149,0.833394381,NA,NA,NA,NA,NA,NA,NA,NA,NA,NA,NA,NA,NA,NA,NA,NA,NA,NA,NA,NA,NA,NA,NA,NA,NA,NA,NA,0.703776797,0.799752464,0.591277637,NA,NA,NA,NA,NA,NA,NA,NA,NA,NA,NA,NA,NA,NA,NA,NA,NA,NA,NA,NA,NA,NA,NA,NA,NA,NA,NA,NA,NA,NA,NA,NA,NA,NA,NA,NA,NA,NA,NA,NA,NA,NA,NA,NA,NA,NA,NA,NA,NA,NA,NA,NA,NA,NA,NA,NA,NA,NA,NA,NA,NA,NA,NA,NA,NA,NA,NA,NA,NA
E00148677,E07000189,South Somerset,E12000009,South West,256,1,1b,1b1,0.650685244,0.611320003,0.641249429,0.650685244,1.904807641,2.112789703,1.554521609,0.893229152,0.859265504,1.40279912,0.997171832,0.798771708,0.611320003,0.827728985,NA,NA,NA,NA,NA,NA,NA,NA,NA,NA,NA,NA,NA,NA,NA,NA,NA,NA,NA,NA,NA,NA,NA,NA,NA,NA,NA,0.641249429,0.656435678,0.670134007,NA,NA,NA,NA,NA,NA,NA,NA,NA,NA,NA,NA,NA,NA,NA,NA,NA,NA,NA,NA,NA,NA,NA,NA,NA,NA,NA,NA,NA,NA,NA,NA,NA,NA,NA,NA,NA,NA,NA,NA,NA,NA,NA,NA,NA,NA,NA,NA,NA,NA,NA,NA,NA,NA,NA,NA,NA,NA,NA,NA,NA,NA,NA,NA,NA,NA,NA,NA,NA
E00148678,E07000189,South Somerset,E12000009,South West,336,6,6b,6b3,0.458050066,0.497945237,0.519167117,0.62121371,1.991926711,2.270783969,1.741615791,1.002107265,0.458050066,1.60307806,1.152413069,NA,NA,NA,NA,NA,NA,NA,NA,NA,NA,NA,NA,NA,NA,NA,NA,0.535010092,0.497945237,NA,NA,NA,NA,NA,NA,NA,NA,NA,NA,NA,NA,NA,NA,NA,NA,NA,NA,NA,NA,NA,NA,NA,NA,NA,NA,NA,NA,NA,NA,NA,NA,NA,NA,NA,NA,NA,NA,NA,NA,NA,NA,NA,NA,NA,NA,NA,NA,NA,NA,NA,NA,NA,NA,NA,NA,NA,0.813949941,0.534705265,0.519167117,0.555322862,NA,NA,NA,NA,NA,NA,NA,NA,NA,NA,NA,NA,NA,NA,NA,NA,NA,NA,NA,NA,NA,NA,NA
E00148679,E07000189,South Somerset,E12000009,South West,233,1,1a,1a2,0.747606811,0.677669806,0.581091776,0.747606811,2.099003025,2.412372382,1.896863054,1.220165605,0.838315429,1.834321004,1.407617721,0.677669806,0.837141974,0.99335799,NA,NA,NA,NA,NA,NA,NA,NA,NA,NA,NA,NA,NA,NA,NA,NA,NA,NA,NA,NA,NA,NA,NA,0.828416575,0.581091776,0.769291558,0.761491362,NA,NA,NA,NA,NA,NA,NA,NA,NA,NA,NA,NA,NA,NA,NA,NA,NA,NA,NA,NA,NA,NA,NA,NA,NA,NA,NA,NA,NA,NA,NA,NA,NA,NA,NA,NA,NA,NA,NA,NA,NA,NA,NA,NA,NA,NA,NA,NA,NA,NA,NA,NA,NA,NA,NA,NA,NA,NA,NA,NA,NA,NA,NA,NA,NA,NA,NA,NA,NA,NA,NA,NA
E00148680,E07000189,South Somerset,E12000009,South West,302,1,1b,1b3,0.797578859,0.688682382,0.643204794,0.797578859,1.957777553,2.053820257,1.577505643,1.038181162,1.045586934,1.247574411,0.851585893,0.985688557,0.688682382,0.993363354,NA,NA,NA,NA,NA,NA,NA,NA,NA,NA,NA,NA,NA,NA,NA,NA,NA,NA,NA,NA,NA,NA,NA,NA,NA,NA,NA,0.69238359,0.817728146,0.643204794,NA,NA,NA,NA,NA,NA,NA,NA,NA,NA,NA,NA,NA,NA,NA,NA,NA,NA,NA,NA,NA,NA,NA,NA,NA,NA,NA,NA,NA,NA,NA,NA,NA,NA,NA,NA,NA,NA,NA,NA,NA,NA,NA,NA,NA,NA,NA,NA,NA,NA,NA,NA,NA,NA,NA,NA,NA,NA,NA,NA,NA,NA,NA,NA,NA,NA,NA,NA,NA
E00148681,E07000189,South Somerset,E12000009,South West,274,6,6a,6a3,0.672629891,0.676035897,0.61543412,0.775846968,2.032673952,2.268549012,1.791143815,1.068417098,0.672629891,1.567799449,1.220613863,NA,NA,NA,NA,NA,NA,NA,NA,NA,NA,NA,NA,NA,NA,NA,NA,0.676035897,0.736990414,NA,NA,NA,NA,NA,NA,NA,NA,NA,NA,NA,NA,NA,NA,NA,NA,NA,NA,NA,NA,NA,NA,NA,NA,NA,NA,NA,NA,NA,NA,NA,NA,NA,NA,NA,NA,NA,NA,NA,NA,NA,NA,NA,NA,NA,NA,NA,NA,NA,NA,NA,NA,NA,1.011314427,0.821374111,0.61543412,0.67744453,NA,NA,NA,NA,NA,NA,NA,NA,NA,NA,NA,NA,NA,NA,NA,NA,NA,NA,NA,NA,NA,NA,NA,NA,NA,NA,NA
E00148682,E07000189,South Somerset,E12000009,South West,215,1,1a,1a3,0.730292088,0.766147348,0.726243358,0.730292088,1.821875057,2.144412865,1.680568475,1.018904347,0.989399939,1.580193621,1.295674627,0.766147348,0.773285169,0.903287837,NA,NA,NA,NA,NA,NA,NA,NA,NA,NA,NA,NA,NA,NA,NA,NA,NA,NA,NA,NA,NA,NA,NA,0.956490854,0.760474826,0.726243358,0.836939858,NA,NA,NA,NA,NA,NA,NA,NA,NA,NA,NA,NA,NA,NA,NA,NA,NA,NA,NA,NA,NA,NA,NA,NA,NA,NA,NA,NA,NA,NA,NA,NA,NA,NA,NA,NA,NA,NA,NA,NA,NA,NA,NA,NA,NA,NA,NA,NA,NA,NA,NA,NA,NA,NA,NA,NA,NA,NA,NA,NA,NA,NA,NA,NA,NA,NA,NA,NA,NA,NA,NA,NA
E00148683,E07000189,South Somerset,E12000009,South West,113,1,1a,1a3,0.791255625,0.721675036,0.697966627,0.791255625,2.159233958,2.352865859,1.882472576,1.359293129,1.076529433,1.845826372,1.428243357,0.721675036,0.87085243,1.052804641,NA,NA,NA,NA,NA,NA,NA,NA,NA,NA,NA,NA,NA,NA,NA,NA,NA,NA,NA,NA,NA,NA,NA,0.834432816,0.713064332,0.697966627,0.910093652,NA,NA,NA,NA,NA,NA,NA,NA,NA,NA,NA,NA,NA,NA,NA,NA,NA,NA,NA,NA,NA,NA,NA,NA,NA,NA,NA,NA,NA,NA,NA,NA,NA,NA,NA,NA,NA,NA,NA,NA,NA,NA,NA,NA,NA,NA,NA,NA,NA,NA,NA,NA,NA,NA,NA,NA,NA,NA,NA,NA,NA,NA,NA,NA,NA,NA,NA,NA,NA,NA,NA,NA
E00148686,E07000189,South Somerset,E12000009,South West,203,8,8a,8a2,0.947479437,0.882238869,0.87234862,0.997453182,2.050114934,2.078787331,1.635154823,1.208145737,1.210283015,1.265699678,0.947479437,NA,NA,NA,NA,NA,NA,NA,NA,NA,NA,NA,NA,NA,NA,NA,NA,NA,NA,NA,NA,NA,NA,0.882238869,1.16090063,0.886024205,1.090646832,NA,NA,NA,NA,NA,NA,NA,NA,NA,NA,NA,NA,NA,NA,NA,NA,NA,NA,NA,NA,NA,NA,NA,NA,NA,NA,NA,NA,NA,NA,NA,NA,NA,NA,NA,NA,NA,NA,NA,NA,NA,NA,NA,NA,NA,NA,NA,NA,NA,NA,NA,NA,NA,NA,NA,NA,NA,NA,NA,NA,NA,NA,NA,NA,NA,NA,0.928661656,0.87234862,NA,NA,NA,NA,NA,NA,NA,NA
E00148687,E07000189,South Somerset,E12000009,South West,281,1,1b,1b3,0.72188896,0.74082018,0.756393865,0.72188896,1.895135914,2.158792579,1.688094483,0.950390339,0.743514592,1.429462666,1.1344558,0.795909594,0.74082018,0.881697652,NA,NA,NA,NA,NA,NA,NA,NA,NA,NA,NA,NA,NA,NA,NA,NA,NA,NA,NA,NA,NA,NA,NA,NA,NA,NA,NA,0.801149793,0.764263796,0.756393865,NA,NA,NA,NA,NA,NA,NA,NA,NA,NA,NA,NA,NA,NA,NA,NA,NA,NA,NA,NA,NA,NA,NA,NA,NA,NA,NA,NA,NA,NA,NA,NA,NA,NA,NA,NA,NA,NA,NA,NA,NA,NA,NA,NA,NA,NA,NA,NA,NA,NA,NA,NA,NA,NA,NA,NA,NA,NA,NA,NA,NA,NA,NA,NA,NA,NA,NA,NA,NA
E00148688,E07000189,South Somerset,E12000009,South West,379,1,1b,1b1,0.536223849,0.557825915,0.532208001,0.536223849,2.069860222,2.284158197,1.740873385,1.119475738,0.919717418,1.579605049,1.10361357,0.614547379,0.557825915,0.790742252,NA,NA,NA,NA,NA,NA,NA,NA,NA,NA,NA,NA,NA,NA,NA,NA,NA,NA,NA,NA,NA,NA,NA,NA,NA,NA,NA,0.532208001,0.627009637,0.670239561,NA,NA,NA,NA,NA,NA,NA,NA,NA,NA,NA,NA,NA,NA,NA,NA,NA,NA,NA,NA,NA,NA,NA,NA,NA,NA,NA,NA,NA,NA,NA,NA,NA,NA,NA,NA,NA,NA,NA,NA,NA,NA,NA,NA,NA,NA,NA,NA,NA,NA,NA,NA,NA,NA,NA,NA,NA,NA,NA,NA,NA,NA,NA,NA,NA,NA,NA,NA,NA
E00148689,E07000189,South Somerset,E12000009,South West,236,1,1b,1b2,0.80091477,0.770096306,0.752117492,0.80091477,1.876898156,2.097803027,1.65361558,1.058528665,1.118702353,1.494089938,1.213452415,0.929097089,0.770096306,0.936626595,NA,NA,NA,NA,NA,NA,NA,NA,NA,NA,NA,NA,NA,NA,NA,NA,NA,NA,NA,NA,NA,NA,NA,NA,NA,NA,NA,0.868712056,0.752117492,0.774372643,NA,NA,NA,NA,NA,NA,NA,NA,NA,NA,NA,NA,NA,NA,NA,NA,NA,NA,NA,NA,NA,NA,NA,NA,NA,NA,NA,NA,NA,NA,NA,NA,NA,NA,NA,NA,NA,NA,NA,NA,NA,NA,NA,NA,NA,NA,NA,NA,NA,NA,NA,NA,NA,NA,NA,NA,NA,NA,NA,NA,NA,NA,NA,NA,NA,NA,NA,NA,NA
E00148690,E07000189,South Somerset,E12000009,South West,206,6,6b,6b2,0.988008212,0.974984239,0.930940805,1.032628799,1.965186389,2.214949678,1.698353249,1.04352853,0.988008212,1.595064718,1.277710339,NA,NA,NA,NA,NA,NA,NA,NA,NA,NA,NA,NA,NA,NA,NA,NA,1.067525475,0.974984239,NA,NA,NA,NA,NA,NA,NA,NA,NA,NA,NA,NA,NA,NA,NA,NA,NA,NA,NA,NA,NA,NA,NA,NA,NA,NA,NA,NA,NA,NA,NA,NA,NA,NA,NA,NA,NA,NA,NA,NA,NA,NA,NA,NA,NA,NA,NA,NA,NA,NA,NA,NA,NA,NA,NA,NA,NA,1.143005677,0.930940805,1.090944808,0.971107766,NA,NA,NA,NA,NA,NA,NA,NA,NA,NA,NA,NA,NA,NA,NA,NA,NA,NA,NA,NA,NA,NA,NA
E00148691,E07000189,South Somerset,E12000009,South West,304,6,6b,6b3,0.73690963,0.679344427,0.656895667,0.755828338,2.079953761,2.294537488,1.742480107,1.127964529,0.73690963,1.561478695,1.043416545,NA,NA,NA,NA,NA,NA,NA,NA,NA,NA,NA,NA,NA,NA,NA,NA,0.884834044,0.679344427,NA,NA,NA,NA,NA,NA,NA,NA,NA,NA,NA,NA,NA,NA,NA,NA,NA,NA,NA,NA,NA,NA,NA,NA,NA,NA,NA,NA,NA,NA,NA,NA,NA,NA,NA,NA,NA,NA,NA,NA,NA,NA,NA,NA,NA,NA,NA,NA,NA,NA,NA,NA,NA,NA,NA,NA,NA,0.922830793,0.725991511,0.656895667,0.750902448,NA,NA,NA,NA,NA,NA,NA,NA,NA,NA,NA,NA,NA,NA,NA,NA,NA,NA,NA,NA,NA,NA,NA
E00148692,E07000189,South Somerset,E12000009,South West,313,8,8a,8a2,0.765519524,0.657407924,0.658088809,0.984708785,2.060139638,2.11930549,1.594017823,1.137378961,1.07271305,1.285875294,0.765519524,NA,NA,NA,NA,NA,NA,NA,NA,NA,NA,NA,NA,NA,NA,NA,NA,NA,NA,NA,NA,NA,NA,0.657407924,0.889567767,0.82514498,0.935698153,NA,NA,NA,NA,NA,NA,NA,NA,NA,NA,NA,NA,NA,NA,NA,NA,NA,NA,NA,NA,NA,NA,NA,NA,NA,NA,NA,NA,NA,NA,NA,NA,NA,NA,NA,NA,NA,NA,NA,NA,NA,NA,NA,NA,NA,NA,NA,NA,NA,NA,NA,NA,NA,NA,NA,NA,NA,NA,NA,NA,NA,NA,NA,NA,NA,NA,0.708539157,0.658088809,NA,NA,NA,NA,NA,NA,NA,NA
E00148693,E07000189,South Somerset,E12000009,South West,294,8,8c,8c1,0.717039797,0.636213616,0.606196642,0.725979552,1.770373101,1.919485993,1.411785257,0.766056925,0.952047848,1.107691096,0.717039797,NA,NA,NA,NA,NA,NA,NA,NA,NA,NA,NA,NA,NA,NA,NA,NA,NA,NA,NA,NA,NA,NA,0.723867542,0.872817508,0.636213616,0.914815378,NA,NA,NA,NA,NA,NA,NA,NA,NA,NA,NA,NA,NA,NA,NA,NA,NA,NA,NA,NA,NA,NA,NA,NA,NA,NA,NA,NA,NA,NA,NA,NA,NA,NA,NA,NA,NA,NA,NA,NA,NA,NA,NA,NA,NA,NA,NA,NA,NA,NA,NA,NA,NA,NA,NA,NA,NA,NA,NA,NA,NA,NA,NA,NA,NA,NA,NA,NA,NA,NA,0.606196642,0.630103612,0.785195471,NA,NA,NA
E00148694,E07000189,South Somerset,E12000009,South West,279,1,1c,1c1,0.723815325,0.618585104,0.669436047,0.723815325,1.911106651,2.171999471,1.674681461,1.019431882,1.060088446,1.5346958,1.222265482,0.844756279,0.77101027,0.618585104,NA,NA,NA,NA,NA,NA,NA,NA,NA,NA,NA,NA,NA,NA,NA,NA,NA,NA,NA,NA,NA,NA,NA,NA,NA,NA,NA,NA,NA,NA,0.669436047,0.686110032,0.683643337,NA,NA,NA,NA,NA,NA,NA,NA,NA,NA,NA,NA,NA,NA,NA,NA,NA,NA,NA,NA,NA,NA,NA,NA,NA,NA,NA,NA,NA,NA,NA,NA,NA,NA,NA,NA,NA,NA,NA,NA,NA,NA,NA,NA,NA,NA,NA,NA,NA,NA,NA,NA,NA,NA,NA,NA,NA,NA,NA,NA,NA,NA,NA,NA,NA,NA
E00148695,E07000189,South Somerset,E12000009,South West,270,1,1b,1b1,0.578612882,0.582309217,0.59665855,0.578612882,2.026828362,2.21910395,1.659849072,1.090172577,1.038037717,1.524731661,1.101673878,0.655634642,0.582309217,0.857124259,NA,NA,NA,NA,NA,NA,NA,NA,NA,NA,NA,NA,NA,NA,NA,NA,NA,NA,NA,NA,NA,NA,NA,NA,NA,NA,NA,0.59665855,0.64025325,0.652949114,NA,NA,NA,NA,NA,NA,NA,NA,NA,NA,NA,NA,NA,NA,NA,NA,NA,NA,NA,NA,NA,NA,NA,NA,NA,NA,NA,NA,NA,NA,NA,NA,NA,NA,NA,NA,NA,NA,NA,NA,NA,NA,NA,NA,NA,NA,NA,NA,NA,NA,NA,NA,NA,NA,NA,NA,NA,NA,NA,NA,NA,NA,NA,NA,NA,NA,NA,NA,NA
E00148696,E07000189,South Somerset,E12000009,South West,280,1,1c,1c3,0.746428201,0.644541366,0.613133817,0.746428201,2.037197025,2.30416733,1.788116742,1.081313429,0.984571624,1.623690995,1.269290675,0.847913454,0.805323467,0.644541366,NA,NA,NA,NA,NA,NA,NA,NA,NA,NA,NA,NA,NA,NA,NA,NA,NA,NA,NA,NA,NA,NA,NA,NA,NA,NA,NA,NA,NA,NA,0.820827554,0.682532819,0.613133817,NA,NA,NA,NA,NA,NA,NA,NA,NA,NA,NA,NA,NA,NA,NA,NA,NA,NA,NA,NA,NA,NA,NA,NA,NA,NA,NA,NA,NA,NA,NA,NA,NA,NA,NA,NA,NA,NA,NA,NA,NA,NA,NA,NA,NA,NA,NA,NA,NA,NA,NA,NA,NA,NA,NA,NA,NA,NA,NA,NA,NA,NA,NA,NA,NA,NA
E00148697,E07000189,South Somerset,E12000009,South West,239,8,8c,8c2,0.788457783,0.680013024,0.653319248,0.9810704,1.992160979,2.030102126,1.573227294,1.074172926,1.183654584,1.092908514,0.788457783,NA,NA,NA,NA,NA,NA,NA,NA,NA,NA,NA,NA,NA,NA,NA,NA,NA,NA,NA,NA,NA,NA,0.802997084,0.970716949,0.680013024,0.962832667,NA,NA,NA,NA,NA,NA,NA,NA,NA,NA,NA,NA,NA,NA,NA,NA,NA,NA,NA,NA,NA,NA,NA,NA,NA,NA,NA,NA,NA,NA,NA,NA,NA,NA,NA,NA,NA,NA,NA,NA,NA,NA,NA,NA,NA,NA,NA,NA,NA,NA,NA,NA,NA,NA,NA,NA,NA,NA,NA,NA,NA,NA,NA,NA,NA,NA,NA,NA,NA,NA,0.712199775,0.653319248,0.764376835,NA,NA,NA
E00148698,E07000189,South Somerset,E12000009,South West,391,1,1b,1b1,0.666954483,0.564183705,0.498359742,0.666954483,2.075477083,2.167240623,1.626751424,1.104113531,1.050577697,1.373436318,0.855934841,0.844493019,0.564183705,0.9235971,NA,NA,NA,NA,NA,NA,NA,NA,NA,NA,NA,NA,NA,NA,NA,NA,NA,NA,NA,NA,NA,NA,NA,NA,NA,NA,NA,0.498359742,0.693615401,0.640209342,NA,NA,NA,NA,NA,NA,NA,NA,NA,NA,NA,NA,NA,NA,NA,NA,NA,NA,NA,NA,NA,NA,NA,NA,NA,NA,NA,NA,NA,NA,NA,NA,NA,NA,NA,NA,NA,NA,NA,NA,NA,NA,NA,NA,NA,NA,NA,NA,NA,NA,NA,NA,NA,NA,NA,NA,NA,NA,NA,NA,NA,NA,NA,NA,NA,NA,NA,NA,NA
E00148699,E07000189,South Somerset,E12000009,South West,352,1,1b,1b2,0.639386505,0.629068737,0.562309541,0.639386505,1.817260995,2.091219943,1.53810941,0.795945263,0.653568594,1.503300626,1.07714918,0.757089146,0.629068737,0.820700357,NA,NA,NA,NA,NA,NA,NA,NA,NA,NA,NA,NA,NA,NA,NA,NA,NA,NA,NA,NA,NA,NA,NA,NA,NA,NA,NA,0.680702551,0.562309541,0.780821866,NA,NA,NA,NA,NA,NA,NA,NA,NA,NA,NA,NA,NA,NA,NA,NA,NA,NA,NA,NA,NA,NA,NA,NA,NA,NA,NA,NA,NA,NA,NA,NA,NA,NA,NA,NA,NA,NA,NA,NA,NA,NA,NA,NA,NA,NA,NA,NA,NA,NA,NA,NA,NA,NA,NA,NA,NA,NA,NA,NA,NA,NA,NA,NA,NA,NA,NA,NA,NA
E00148700,E07000189,South Somerset,E12000009,South West,333,5,5a,5a1,0.777619216,0.781438024,0.641375266,0.788087576,1.723389091,2.037167898,1.525500679,0.777619216,0.908818881,1.347442441,0.989534558,NA,NA,NA,NA,NA,NA,NA,NA,NA,NA,NA,NA,NA,NA,0.781438024,0.851206563,NA,NA,NA,NA,NA,NA,NA,NA,NA,NA,NA,NA,NA,NA,NA,NA,NA,NA,NA,NA,NA,NA,NA,NA,NA,NA,NA,NA,NA,NA,NA,NA,NA,NA,NA,NA,NA,NA,NA,NA,NA,NA,NA,NA,NA,NA,NA,NA,NA,0.641375266,0.940419053,0.92712309,NA,NA,NA,NA,NA,NA,NA,NA,NA,NA,NA,NA,NA,NA,NA,NA,NA,NA,NA,NA,NA,NA,NA,NA,NA,NA,NA,NA,NA,NA,NA,NA,NA,NA
E00148701,E07000189,South Somerset,E12000009,South West,266,5,5a,5a1,0.736100998,0.715369053,0.621359272,0.977443006,1.626346048,1.863527536,1.358393353,0.736100998,1.017663563,1.10364892,0.757935093,NA,NA,NA,NA,NA,NA,NA,NA,NA,NA,NA,NA,NA,NA,0.715369053,0.839663597,NA,NA,NA,NA,NA,NA,NA,NA,NA,NA,NA,NA,NA,NA,NA,NA,NA,NA,NA,NA,NA,NA,NA,NA,NA,NA,NA,NA,NA,NA,NA,NA,NA,NA,NA,NA,NA,NA,NA,NA,NA,NA,NA,NA,NA,NA,NA,NA,NA,0.621359272,0.903948181,0.801343127,NA,NA,NA,NA,NA,NA,NA,NA,NA,NA,NA,NA,NA,NA,NA,NA,NA,NA,NA,NA,NA,NA,NA,NA,NA,NA,NA,NA,NA,NA,NA,NA,NA,NA
E00148702,E07000189,South Somerset,E12000009,South West,271,8,8c,8c1,0.767184526,0.674001596,0.61457917,0.780565846,1.7776597,1.903967688,1.402524488,0.820771057,1.037578651,1.116692964,0.767184526,NA,NA,NA,NA,NA,NA,NA,NA,NA,NA,NA,NA,NA,NA,NA,NA,NA,NA,NA,NA,NA,NA,0.785525136,0.942710066,0.674001596,0.935654917,NA,NA,NA,NA,NA,NA,NA,NA,NA,NA,NA,NA,NA,NA,NA,NA,NA,NA,NA,NA,NA,NA,NA,NA,NA,NA,NA,NA,NA,NA,NA,NA,NA,NA,NA,NA,NA,NA,NA,NA,NA,NA,NA,NA,NA,NA,NA,NA,NA,NA,NA,NA,NA,NA,NA,NA,NA,NA,NA,NA,NA,NA,NA,NA,NA,NA,NA,NA,NA,NA,0.61457917,0.68566002,0.837214018,NA,NA,NA
E00148703,E07000189,South Somerset,E12000009,South West,296,8,8c,8c2,0.614259064,0.526201437,0.514394957,0.807503591,1.759550375,1.875527536,1.37622805,0.792600969,1.062417074,0.999582873,0.614259064,NA,NA,NA,NA,NA,NA,NA,NA,NA,NA,NA,NA,NA,NA,NA,NA,NA,NA,NA,NA,NA,NA,0.657224422,0.766149541,0.526201437,0.820429372,NA,NA,NA,NA,NA,NA,NA,NA,NA,NA,NA,NA,NA,NA,NA,NA,NA,NA,NA,NA,NA,NA,NA,NA,NA,NA,NA,NA,NA,NA,NA,NA,NA,NA,NA,NA,NA,NA,NA,NA,NA,NA,NA,NA,NA,NA,NA,NA,NA,NA,NA,NA,NA,NA,NA,NA,NA,NA,NA,NA,NA,NA,NA,NA,NA,NA,NA,NA,NA,NA,0.518688693,0.514394957,0.672385363,NA,NA,NA
E00148704,E07000189,South Somerset,E12000009,South West,317,8,8a,8a1,0.660847185,0.597261065,0.605284082,0.770897409,1.920153001,2.024948106,1.502841434,0.988158923,1.04692434,1.181891237,0.660847185,NA,NA,NA,NA,NA,NA,NA,NA,NA,NA,NA,NA,NA,NA,NA,NA,NA,NA,NA,NA,NA,NA,0.597261065,0.768446591,0.684363848,0.876117672,NA,NA,NA,NA,NA,NA,NA,NA,NA,NA,NA,NA,NA,NA,NA,NA,NA,NA,NA,NA,NA,NA,NA,NA,NA,NA,NA,NA,NA,NA,NA,NA,NA,NA,NA,NA,NA,NA,NA,NA,NA,NA,NA,NA,NA,NA,NA,NA,NA,NA,NA,NA,NA,NA,NA,NA,NA,NA,NA,NA,NA,NA,NA,NA,NA,NA,0.605284082,0.659425328,NA,NA,NA,NA,NA,NA,NA,NA
E00148705,E07000189,South Somerset,E12000009,South West,235,1,1b,1b3,1.043480951,0.950721681,0.85365654,1.043480951,1.979613358,2.129515311,1.712633195,1.176263155,1.351052521,1.26430805,1.054783577,1.231088557,0.950721681,1.123601528,NA,NA,NA,NA,NA,NA,NA,NA,NA,NA,NA,NA,NA,NA,NA,NA,NA,NA,NA,NA,NA,NA,NA,NA,NA,NA,NA,1.008751051,1.031987577,0.85365654,NA,NA,NA,NA,NA,NA,NA,NA,NA,NA,NA,NA,NA,NA,NA,NA,NA,NA,NA,NA,NA,NA,NA,NA,NA,NA,NA,NA,NA,NA,NA,NA,NA,NA,NA,NA,NA,NA,NA,NA,NA,NA,NA,NA,NA,NA,NA,NA,NA,NA,NA,NA,NA,NA,NA,NA,NA,NA,NA,NA,NA,NA,NA,NA,NA,NA,NA,NA,NA
E00148706,E07000189,South Somerset,E12000009,South West,250,1,1b,1b1,0.681457565,0.584162095,0.552785529,0.681457565,1.976724072,2.11197874,1.569730508,1.005701199,0.970936663,1.33697547,0.848009189,0.868348883,0.584162095,0.892444918,NA,NA,NA,NA,NA,NA,NA,NA,NA,NA,NA,NA,NA,NA,NA,NA,NA,NA,NA,NA,NA,NA,NA,NA,NA,NA,NA,0.552785529,0.681985869,0.65929213,NA,NA,NA,NA,NA,NA,NA,NA,NA,NA,NA,NA,NA,NA,NA,NA,NA,NA,NA,NA,NA,NA,NA,NA,NA,NA,NA,NA,NA,NA,NA,NA,NA,NA,NA,NA,NA,NA,NA,NA,NA,NA,NA,NA,NA,NA,NA,NA,NA,NA,NA,NA,NA,NA,NA,NA,NA,NA,NA,NA,NA,NA,NA,NA,NA,NA,NA,NA,NA
E00148707,E07000189,South Somerset,E12000009,South West,291,1,1c,1c2,1.030211671,0.82275394,0.671288625,1.030211671,2.086250878,2.30592641,1.796269014,1.180987389,1.163511018,1.519916743,1.156691509,1.222986931,1.00573832,0.82275394,NA,NA,NA,NA,NA,NA,NA,NA,NA,NA,NA,NA,NA,NA,NA,NA,NA,NA,NA,NA,NA,NA,NA,NA,NA,NA,NA,NA,NA,NA,1.046793313,0.671288625,0.876398915,NA,NA,NA,NA,NA,NA,NA,NA,NA,NA,NA,NA,NA,NA,NA,NA,NA,NA,NA,NA,NA,NA,NA,NA,NA,NA,NA,NA,NA,NA,NA,NA,NA,NA,NA,NA,NA,NA,NA,NA,NA,NA,NA,NA,NA,NA,NA,NA,NA,NA,NA,NA,NA,NA,NA,NA,NA,NA,NA,NA,NA,NA,NA,NA,NA,NA
E00148708,E07000189,South Somerset,E12000009,South West,245,8,8c,8c2,0.925867816,0.781520315,0.799496952,1.279761731,1.764671439,1.856827741,1.551318595,1.086587281,1.420748755,0.928316627,0.925867816,NA,NA,NA,NA,NA,NA,NA,NA,NA,NA,NA,NA,NA,NA,NA,NA,NA,NA,NA,NA,NA,NA,1.063710574,1.052992192,0.781520315,1.026595297,NA,NA,NA,NA,NA,NA,NA,NA,NA,NA,NA,NA,NA,NA,NA,NA,NA,NA,NA,NA,NA,NA,NA,NA,NA,NA,NA,NA,NA,NA,NA,NA,NA,NA,NA,NA,NA,NA,NA,NA,NA,NA,NA,NA,NA,NA,NA,NA,NA,NA,NA,NA,NA,NA,NA,NA,NA,NA,NA,NA,NA,NA,NA,NA,NA,NA,NA,NA,NA,NA,0.80068829,0.799496952,0.837672737,NA,NA,NA
E00148709,E07000189,South Somerset,E12000009,South West,347,8,8a,8a2,0.743570236,0.668982322,0.678142371,1.154352612,1.989688908,2.067112673,1.52126122,1.15490933,1.207255581,1.28332572,0.743570236,NA,NA,NA,NA,NA,NA,NA,NA,NA,NA,NA,NA,NA,NA,NA,NA,NA,NA,NA,NA,NA,NA,0.668982322,0.766716927,0.900257069,0.859562943,NA,NA,NA,NA,NA,NA,NA,NA,NA,NA,NA,NA,NA,NA,NA,NA,NA,NA,NA,NA,NA,NA,NA,NA,NA,NA,NA,NA,NA,NA,NA,NA,NA,NA,NA,NA,NA,NA,NA,NA,NA,NA,NA,NA,NA,NA,NA,NA,NA,NA,NA,NA,NA,NA,NA,NA,NA,NA,NA,NA,NA,NA,NA,NA,NA,NA,0.713063581,0.678142371,NA,NA,NA,NA,NA,NA,NA,NA
E00148710,E07000189,South Somerset,E12000009,South West,334,6,6b,6b4,0.668175866,0.597143956,0.550103156,0.7915893,1.766985845,2.034163505,1.492489443,0.736034487,0.668175866,1.289157921,0.891981327,NA,NA,NA,NA,NA,NA,NA,NA,NA,NA,NA,NA,NA,NA,NA,NA,0.835321774,0.597143956,NA,NA,NA,NA,NA,NA,NA,NA,NA,NA,NA,NA,NA,NA,NA,NA,NA,NA,NA,NA,NA,NA,NA,NA,NA,NA,NA,NA,NA,NA,NA,NA,NA,NA,NA,NA,NA,NA,NA,NA,NA,NA,NA,NA,NA,NA,NA,NA,NA,NA,NA,NA,NA,NA,NA,NA,NA,0.81454192,0.639063886,0.696189677,0.550103156,NA,NA,NA,NA,NA,NA,NA,NA,NA,NA,NA,NA,NA,NA,NA,NA,NA,NA,NA,NA,NA,NA,NA
E00148711,E07000189,South Somerset,E12000009,South West,221,5,5b,5b3,0.847841085,0.815367959,0.761162704,1.120274232,1.496224444,1.696304383,1.348124629,0.847841085,1.326868944,0.944810076,0.96104016,NA,NA,NA,NA,NA,NA,NA,NA,NA,NA,NA,NA,NA,NA,0.932432685,0.815367959,NA,NA,NA,NA,NA,NA,NA,NA,NA,NA,NA,NA,NA,NA,NA,NA,NA,NA,NA,NA,NA,NA,NA,NA,NA,NA,NA,NA,NA,NA,NA,NA,NA,NA,NA,NA,NA,NA,NA,NA,NA,NA,NA,NA,NA,NA,NA,NA,NA,NA,NA,NA,1.010074625,0.945657949,0.761162704,NA,NA,NA,NA,NA,NA,NA,NA,NA,NA,NA,NA,NA,NA,NA,NA,NA,NA,NA,NA,NA,NA,NA,NA,NA,NA,NA,NA,NA,NA,NA
E00148712,E07000189,South Somerset,E12000009,South West,374,8,8c,8c2,0.684811224,0.604002501,0.56161399,0.765417743,1.643055048,1.750029812,1.237808398,0.685167609,1.008635305,0.998148843,0.684811224,NA,NA,NA,NA,NA,NA,NA,NA,NA,NA,NA,NA,NA,NA,NA,NA,NA,NA,NA,NA,NA,NA,0.735694979,0.865630201,0.604002501,0.829509753,NA,NA,NA,NA,NA,NA,NA,NA,NA,NA,NA,NA,NA,NA,NA,NA,NA,NA,NA,NA,NA,NA,NA,NA,NA,NA,NA,NA,NA,NA,NA,NA,NA,NA,NA,NA,NA,NA,NA,NA,NA,NA,NA,NA,NA,NA,NA,NA,NA,NA,NA,NA,NA,NA,NA,NA,NA,NA,NA,NA,NA,NA,NA,NA,NA,NA,NA,NA,NA,NA,0.569992853,0.56161399,0.783050851,NA,NA,NA
E00148713,E07000189,South Somerset,E12000009,South West,291,5,5b,5b3,0.811717614,0.809395368,0.728051845,1.092076298,1.568942905,1.766592606,1.346910931,0.811717614,1.196071919,0.993376445,0.850273269,NA,NA,NA,NA,NA,NA,NA,NA,NA,NA,NA,NA,NA,NA,0.876175228,0.809395368,NA,NA,NA,NA,NA,NA,NA,NA,NA,NA,NA,NA,NA,NA,NA,NA,NA,NA,NA,NA,NA,NA,NA,NA,NA,NA,NA,NA,NA,NA,NA,NA,NA,NA,NA,NA,NA,NA,NA,NA,NA,NA,NA,NA,NA,NA,NA,NA,NA,NA,NA,NA,1.028949199,0.952899792,0.728051845,NA,NA,NA,NA,NA,NA,NA,NA,NA,NA,NA,NA,NA,NA,NA,NA,NA,NA,NA,NA,NA,NA,NA,NA,NA,NA,NA,NA,NA,NA,NA
E00148714,E07000189,South Somerset,E12000009,South West,202,7,7d,7d1,0.931522606,0.863674167,0.827554188,1.469498362,1.722549701,1.85606951,1.584324738,1.2461172,1.638160337,0.931522606,1.078498213,NA,NA,NA,NA,NA,NA,NA,NA,NA,NA,NA,NA,NA,NA,NA,NA,NA,NA,0.989601289,1.286542443,0.955735467,0.863674167,NA,NA,NA,NA,NA,NA,NA,NA,NA,NA,NA,NA,NA,NA,NA,NA,NA,NA,NA,NA,NA,NA,NA,NA,NA,NA,NA,NA,NA,NA,NA,NA,NA,NA,NA,NA,NA,NA,NA,NA,NA,NA,NA,NA,NA,NA,NA,NA,NA,NA,NA,NA,NA,NA,NA,NA,NA,NA,NA,NA,NA,NA,NA,NA,NA,NA,0.827554188,1.011789807,0.976619759,1.645662082,NA,NA,NA,NA,NA,NA,NA,NA,NA,NA
E00148715,E07000189,South Somerset,E12000009,South West,274,6,6b,6b3,0.688624352,0.675717304,0.687381468,0.765234398,2.045407341,2.338287472,1.7881939,1.071771337,0.688624352,1.621214212,1.179195599,NA,NA,NA,NA,NA,NA,NA,NA,NA,NA,NA,NA,NA,NA,NA,NA,0.791697679,0.675717304,NA,NA,NA,NA,NA,NA,NA,NA,NA,NA,NA,NA,NA,NA,NA,NA,NA,NA,NA,NA,NA,NA,NA,NA,NA,NA,NA,NA,NA,NA,NA,NA,NA,NA,NA,NA,NA,NA,NA,NA,NA,NA,NA,NA,NA,NA,NA,NA,NA,NA,NA,NA,NA,NA,NA,NA,NA,0.958814877,0.694062384,0.687381468,0.719994802,NA,NA,NA,NA,NA,NA,NA,NA,NA,NA,NA,NA,NA,NA,NA,NA,NA,NA,NA,NA,NA,NA,NA
E00148716,E07000189,South Somerset,E12000009,South West,296,1,1b,1b1,0.867257216,0.790661506,0.763495472,0.867257216,1.95125427,2.050768342,1.522480257,1.104085777,1.155437475,1.349616492,0.917045689,1.007876947,0.790661506,1.084386275,NA,NA,NA,NA,NA,NA,NA,NA,NA,NA,NA,NA,NA,NA,NA,NA,NA,NA,NA,NA,NA,NA,NA,NA,NA,NA,NA,0.763495472,0.907326257,0.793060946,NA,NA,NA,NA,NA,NA,NA,NA,NA,NA,NA,NA,NA,NA,NA,NA,NA,NA,NA,NA,NA,NA,NA,NA,NA,NA,NA,NA,NA,NA,NA,NA,NA,NA,NA,NA,NA,NA,NA,NA,NA,NA,NA,NA,NA,NA,NA,NA,NA,NA,NA,NA,NA,NA,NA,NA,NA,NA,NA,NA,NA,NA,NA,NA,NA,NA,NA,NA,NA
E00148717,E07000189,South Somerset,E12000009,South West,209,7,7c,7c3,0.858339217,0.812918803,0.811742523,1.473951011,1.726019963,1.707749326,1.425462385,1.189961594,1.558987297,0.858339217,0.909567404,NA,NA,NA,NA,NA,NA,NA,NA,NA,NA,NA,NA,NA,NA,NA,NA,NA,NA,0.861424716,1.222389603,0.812918803,1.128579843,NA,NA,NA,NA,NA,NA,NA,NA,NA,NA,NA,NA,NA,NA,NA,NA,NA,NA,NA,NA,NA,NA,NA,NA,NA,NA,NA,NA,NA,NA,NA,NA,NA,NA,NA,NA,NA,NA,NA,NA,NA,NA,NA,NA,NA,NA,NA,NA,NA,NA,NA,NA,NA,NA,NA,NA,NA,NA,NA,NA,NA,NA,NA,0.904975319,0.846202655,0.811742523,NA,NA,NA,NA,NA,NA,NA,NA,NA,NA,NA,NA,NA,NA
E00148718,E07000189,South Somerset,E12000009,South West,289,1,1b,1b1,0.86272273,0.882104139,0.832743284,0.86272273,2.098971424,2.403861596,1.834906619,1.148220604,0.879271371,1.72526082,1.24602898,0.907138814,0.882104139,1.037106609,NA,NA,NA,NA,NA,NA,NA,NA,NA,NA,NA,NA,NA,NA,NA,NA,NA,NA,NA,NA,NA,NA,NA,NA,NA,NA,NA,0.832743284,0.917153356,1.01217322,NA,NA,NA,NA,NA,NA,NA,NA,NA,NA,NA,NA,NA,NA,NA,NA,NA,NA,NA,NA,NA,NA,NA,NA,NA,NA,NA,NA,NA,NA,NA,NA,NA,NA,NA,NA,NA,NA,NA,NA,NA,NA,NA,NA,NA,NA,NA,NA,NA,NA,NA,NA,NA,NA,NA,NA,NA,NA,NA,NA,NA,NA,NA,NA,NA,NA,NA,NA,NA
E00148719,E07000189,South Somerset,E12000009,South West,268,8,8c,8c2,0.922262029,0.823707666,0.789067886,1.015322125,1.877519715,2.084098086,1.630250674,1.040496761,1.137123444,1.201994347,0.922262029,NA,NA,NA,NA,NA,NA,NA,NA,NA,NA,NA,NA,NA,NA,NA,NA,NA,NA,NA,NA,NA,NA,0.9178418,1.042925834,0.823707666,1.130959792,NA,NA,NA,NA,NA,NA,NA,NA,NA,NA,NA,NA,NA,NA,NA,NA,NA,NA,NA,NA,NA,NA,NA,NA,NA,NA,NA,NA,NA,NA,NA,NA,NA,NA,NA,NA,NA,NA,NA,NA,NA,NA,NA,NA,NA,NA,NA,NA,NA,NA,NA,NA,NA,NA,NA,NA,NA,NA,NA,NA,NA,NA,NA,NA,NA,NA,NA,NA,NA,NA,0.848864497,0.789067886,0.905610102,NA,NA,NA
E00148723,E07000189,South Somerset,E12000009,South West,281,1,1b,1b1,0.707179199,0.640755637,0.596323146,0.707179199,1.990551532,2.195746079,1.651317535,1.008377027,0.891370155,1.473799979,0.994663957,0.867779587,0.640755637,0.898365115,NA,NA,NA,NA,NA,NA,NA,NA,NA,NA,NA,NA,NA,NA,NA,NA,NA,NA,NA,NA,NA,NA,NA,NA,NA,NA,NA,0.596323146,0.73173733,0.728621393,NA,NA,NA,NA,NA,NA,NA,NA,NA,NA,NA,NA,NA,NA,NA,NA,NA,NA,NA,NA,NA,NA,NA,NA,NA,NA,NA,NA,NA,NA,NA,NA,NA,NA,NA,NA,NA,NA,NA,NA,NA,NA,NA,NA,NA,NA,NA,NA,NA,NA,NA,NA,NA,NA,NA,NA,NA,NA,NA,NA,NA,NA,NA,NA,NA,NA,NA,NA,NA
E00148724,E07000189,South Somerset,E12000009,South West,265,5,5b,5b3,0.902606697,0.885007395,0.844671095,0.972336082,1.743393382,1.97350652,1.50430258,0.902606697,1.169872688,1.189940086,0.944695362,NA,NA,NA,NA,NA,NA,NA,NA,NA,NA,NA,NA,NA,NA,0.972901196,0.885007395,NA,NA,NA,NA,NA,NA,NA,NA,NA,NA,NA,NA,NA,NA,NA,NA,NA,NA,NA,NA,NA,NA,NA,NA,NA,NA,NA,NA,NA,NA,NA,NA,NA,NA,NA,NA,NA,NA,NA,NA,NA,NA,NA,NA,NA,NA,NA,NA,NA,NA,NA,NA,1.159206133,0.856797433,0.844671095,NA,NA,NA,NA,NA,NA,NA,NA,NA,NA,NA,NA,NA,NA,NA,NA,NA,NA,NA,NA,NA,NA,NA,NA,NA,NA,NA,NA,NA,NA,NA
E00148725,E07000189,South Somerset,E12000009,South West,209,1,1a,1a3,0.835071881,0.83122312,0.759054302,0.835071881,2.044532969,2.319704443,1.864432247,1.286590265,1.157059299,1.795971696,1.408439896,0.83122312,0.882986756,1.0424549,NA,NA,NA,NA,NA,NA,NA,NA,NA,NA,NA,NA,NA,NA,NA,NA,NA,NA,NA,NA,NA,NA,NA,0.979864296,0.81194542,0.759054302,1.023093565,NA,NA,NA,NA,NA,NA,NA,NA,NA,NA,NA,NA,NA,NA,NA,NA,NA,NA,NA,NA,NA,NA,NA,NA,NA,NA,NA,NA,NA,NA,NA,NA,NA,NA,NA,NA,NA,NA,NA,NA,NA,NA,NA,NA,NA,NA,NA,NA,NA,NA,NA,NA,NA,NA,NA,NA,NA,NA,NA,NA,NA,NA,NA,NA,NA,NA,NA,NA,NA,NA,NA,NA
E00148726,E07000189,South Somerset,E12000009,South West,134,1,1a,1a2,0.881085012,0.829171651,0.840662725,0.881085012,2.380237854,2.576873417,2.098395413,1.515124989,1.151818958,1.906088079,1.500447991,0.829171651,0.950665851,1.108734219,NA,NA,NA,NA,NA,NA,NA,NA,NA,NA,NA,NA,NA,NA,NA,NA,NA,NA,NA,NA,NA,NA,NA,0.898856241,0.840662725,0.871983282,0.902162206,NA,NA,NA,NA,NA,NA,NA,NA,NA,NA,NA,NA,NA,NA,NA,NA,NA,NA,NA,NA,NA,NA,NA,NA,NA,NA,NA,NA,NA,NA,NA,NA,NA,NA,NA,NA,NA,NA,NA,NA,NA,NA,NA,NA,NA,NA,NA,NA,NA,NA,NA,NA,NA,NA,NA,NA,NA,NA,NA,NA,NA,NA,NA,NA,NA,NA,NA,NA,NA,NA,NA,NA
E00148727,E07000189,South Somerset,E12000009,South West,306,1,1b,1b3,0.562185326,0.568371001,0.59610295,0.562185326,2.001020417,2.173433229,1.691105725,1.10059446,1.001514287,1.513822695,1.147486843,0.658761167,0.568371001,0.79872046,NA,NA,NA,NA,NA,NA,NA,NA,NA,NA,NA,NA,NA,NA,NA,NA,NA,NA,NA,NA,NA,NA,NA,NA,NA,NA,NA,0.635607298,0.604024921,0.59610295,NA,NA,NA,NA,NA,NA,NA,NA,NA,NA,NA,NA,NA,NA,NA,NA,NA,NA,NA,NA,NA,NA,NA,NA,NA,NA,NA,NA,NA,NA,NA,NA,NA,NA,NA,NA,NA,NA,NA,NA,NA,NA,NA,NA,NA,NA,NA,NA,NA,NA,NA,NA,NA,NA,NA,NA,NA,NA,NA,NA,NA,NA,NA,NA,NA,NA,NA,NA,NA
E00148728,E07000189,South Somerset,E12000009,South West,232,1,1a,1a2,0.731816637,0.656037137,0.643238352,0.731816637,2.036949981,2.285725036,1.852432683,1.226522647,0.906850923,1.699753031,1.370091862,0.656037137,0.827819656,0.973909725,NA,NA,NA,NA,NA,NA,NA,NA,NA,NA,NA,NA,NA,NA,NA,NA,NA,NA,NA,NA,NA,NA,NA,0.740039919,0.643238352,0.768824298,0.680005247,NA,NA,NA,NA,NA,NA,NA,NA,NA,NA,NA,NA,NA,NA,NA,NA,NA,NA,NA,NA,NA,NA,NA,NA,NA,NA,NA,NA,NA,NA,NA,NA,NA,NA,NA,NA,NA,NA,NA,NA,NA,NA,NA,NA,NA,NA,NA,NA,NA,NA,NA,NA,NA,NA,NA,NA,NA,NA,NA,NA,NA,NA,NA,NA,NA,NA,NA,NA,NA,NA,NA,NA
E00148729,E07000189,South Somerset,E12000009,South West,149,1,1a,1a2,0.770762836,0.710351509,0.684041997,0.770762836,2.188776006,2.446569943,1.968673894,1.355164057,1.013939998,1.807990051,1.401743358,0.710351509,0.846207334,1.034765085,NA,NA,NA,NA,NA,NA,NA,NA,NA,NA,NA,NA,NA,NA,NA,NA,NA,NA,NA,NA,NA,NA,NA,0.816706454,0.684041997,0.76018049,0.820970754,NA,NA,NA,NA,NA,NA,NA,NA,NA,NA,NA,NA,NA,NA,NA,NA,NA,NA,NA,NA,NA,NA,NA,NA,NA,NA,NA,NA,NA,NA,NA,NA,NA,NA,NA,NA,NA,NA,NA,NA,NA,NA,NA,NA,NA,NA,NA,NA,NA,NA,NA,NA,NA,NA,NA,NA,NA,NA,NA,NA,NA,NA,NA,NA,NA,NA,NA,NA,NA,NA,NA,NA
E00148730,E07000189,South Somerset,E12000009,South West,228,1,1b,1b1,0.80653953,0.739364043,0.712406473,0.80653953,2.01874055,2.166059355,1.66936225,1.110664129,0.997139702,1.426328022,1.013880285,0.966424311,0.739364043,0.961409841,NA,NA,NA,NA,NA,NA,NA,NA,NA,NA,NA,NA,NA,NA,NA,NA,NA,NA,NA,NA,NA,NA,NA,NA,NA,NA,NA,0.712406473,0.844782713,0.766485502,NA,NA,NA,NA,NA,NA,NA,NA,NA,NA,NA,NA,NA,NA,NA,NA,NA,NA,NA,NA,NA,NA,NA,NA,NA,NA,NA,NA,NA,NA,NA,NA,NA,NA,NA,NA,NA,NA,NA,NA,NA,NA,NA,NA,NA,NA,NA,NA,NA,NA,NA,NA,NA,NA,NA,NA,NA,NA,NA,NA,NA,NA,NA,NA,NA,NA,NA,NA,NA
E00148731,E07000189,South Somerset,E12000009,South West,285,1,1b,1b1,0.494762119,0.468976606,0.476932399,0.494762119,1.984001095,2.121123433,1.599051214,0.968066825,0.805543855,1.398338403,0.971205306,0.634893057,0.468976606,0.757628218,NA,NA,NA,NA,NA,NA,NA,NA,NA,NA,NA,NA,NA,NA,NA,NA,NA,NA,NA,NA,NA,NA,NA,NA,NA,NA,NA,0.476932399,0.560128428,0.538759619,NA,NA,NA,NA,NA,NA,NA,NA,NA,NA,NA,NA,NA,NA,NA,NA,NA,NA,NA,NA,NA,NA,NA,NA,NA,NA,NA,NA,NA,NA,NA,NA,NA,NA,NA,NA,NA,NA,NA,NA,NA,NA,NA,NA,NA,NA,NA,NA,NA,NA,NA,NA,NA,NA,NA,NA,NA,NA,NA,NA,NA,NA,NA,NA,NA,NA,NA,NA,NA
E00148732,E07000189,South Somerset,E12000009,South West,234,1,1b,1b1,1.007331267,0.971727791,0.889754026,1.007331267,2.144054938,2.346694244,1.764689827,1.219588876,1.028078859,1.634170403,1.12041935,1.094909867,0.971727791,1.203615131,NA,NA,NA,NA,NA,NA,NA,NA,NA,NA,NA,NA,NA,NA,NA,NA,NA,NA,NA,NA,NA,NA,NA,NA,NA,NA,NA,0.889754026,1.051958795,1.075844899,NA,NA,NA,NA,NA,NA,NA,NA,NA,NA,NA,NA,NA,NA,NA,NA,NA,NA,NA,NA,NA,NA,NA,NA,NA,NA,NA,NA,NA,NA,NA,NA,NA,NA,NA,NA,NA,NA,NA,NA,NA,NA,NA,NA,NA,NA,NA,NA,NA,NA,NA,NA,NA,NA,NA,NA,NA,NA,NA,NA,NA,NA,NA,NA,NA,NA,NA,NA,NA
E00148733,E07000189,South Somerset,E12000009,South West,208,8,8c,8c2,0.816147329,0.804246092,0.741019216,1.010742422,2.025634724,2.065730355,1.580821997,1.158674797,1.288561771,1.205489886,0.816147329,NA,NA,NA,NA,NA,NA,NA,NA,NA,NA,NA,NA,NA,NA,NA,NA,NA,NA,NA,NA,NA,NA,0.815678854,0.940217109,0.804246092,0.957164161,NA,NA,NA,NA,NA,NA,NA,NA,NA,NA,NA,NA,NA,NA,NA,NA,NA,NA,NA,NA,NA,NA,NA,NA,NA,NA,NA,NA,NA,NA,NA,NA,NA,NA,NA,NA,NA,NA,NA,NA,NA,NA,NA,NA,NA,NA,NA,NA,NA,NA,NA,NA,NA,NA,NA,NA,NA,NA,NA,NA,NA,NA,NA,NA,NA,NA,NA,NA,NA,NA,0.860366497,0.741019216,0.866923846,NA,NA,NA
E00148734,E07000189,South Somerset,E12000009,South West,127,1,1b,1b1,0.711752863,0.732224579,0.716649819,0.711752863,2.083649007,2.267428888,1.806437121,1.261031581,1.080511899,1.59446172,1.197842029,0.768097515,0.732224579,0.916904685,NA,NA,NA,NA,NA,NA,NA,NA,NA,NA,NA,NA,NA,NA,NA,NA,NA,NA,NA,NA,NA,NA,NA,NA,NA,NA,NA,0.716649819,0.794328939,0.805732761,NA,NA,NA,NA,NA,NA,NA,NA,NA,NA,NA,NA,NA,NA,NA,NA,NA,NA,NA,NA,NA,NA,NA,NA,NA,NA,NA,NA,NA,NA,NA,NA,NA,NA,NA,NA,NA,NA,NA,NA,NA,NA,NA,NA,NA,NA,NA,NA,NA,NA,NA,NA,NA,NA,NA,NA,NA,NA,NA,NA,NA,NA,NA,NA,NA,NA,NA,NA,NA
E00148735,E07000189,South Somerset,E12000009,South West,205,1,1a,1a3,0.616082597,0.582427025,0.595624265,0.616082597,2.136411075,2.34386423,1.870692949,1.283114923,0.96005682,1.702465638,1.280478245,0.582427025,0.693291169,0.891281879,NA,NA,NA,NA,NA,NA,NA,NA,NA,NA,NA,NA,NA,NA,NA,NA,NA,NA,NA,NA,NA,NA,NA,0.662819377,0.620888815,0.595624265,0.744636281,NA,NA,NA,NA,NA,NA,NA,NA,NA,NA,NA,NA,NA,NA,NA,NA,NA,NA,NA,NA,NA,NA,NA,NA,NA,NA,NA,NA,NA,NA,NA,NA,NA,NA,NA,NA,NA,NA,NA,NA,NA,NA,NA,NA,NA,NA,NA,NA,NA,NA,NA,NA,NA,NA,NA,NA,NA,NA,NA,NA,NA,NA,NA,NA,NA,NA,NA,NA,NA,NA,NA,NA
E00148736,E07000189,South Somerset,E12000009,South West,150,1,1b,1b2,0.782312023,0.797139279,0.794104745,0.782312023,2.037736817,2.202576273,1.746784011,1.222005932,1.167281657,1.599936027,1.264678688,0.817304513,0.797139279,1.025253777,NA,NA,NA,NA,NA,NA,NA,NA,NA,NA,NA,NA,NA,NA,NA,NA,NA,NA,NA,NA,NA,NA,NA,NA,NA,NA,NA,0.844238432,0.794104745,0.857539891,NA,NA,NA,NA,NA,NA,NA,NA,NA,NA,NA,NA,NA,NA,NA,NA,NA,NA,NA,NA,NA,NA,NA,NA,NA,NA,NA,NA,NA,NA,NA,NA,NA,NA,NA,NA,NA,NA,NA,NA,NA,NA,NA,NA,NA,NA,NA,NA,NA,NA,NA,NA,NA,NA,NA,NA,NA,NA,NA,NA,NA,NA,NA,NA,NA,NA,NA,NA,NA
E00148737,E07000189,South Somerset,E12000009,South West,264,1,1b,1b2,0.563087298,0.586883793,0.607239701,0.563087298,1.910460237,2.12021899,1.615594076,0.970181445,0.789818436,1.485384609,1.098714859,0.643126759,0.586883793,0.788126363,NA,NA,NA,NA,NA,NA,NA,NA,NA,NA,NA,NA,NA,NA,NA,NA,NA,NA,NA,NA,NA,NA,NA,NA,NA,NA,NA,0.633652178,0.607239701,0.659588799,NA,NA,NA,NA,NA,NA,NA,NA,NA,NA,NA,NA,NA,NA,NA,NA,NA,NA,NA,NA,NA,NA,NA,NA,NA,NA,NA,NA,NA,NA,NA,NA,NA,NA,NA,NA,NA,NA,NA,NA,NA,NA,NA,NA,NA,NA,NA,NA,NA,NA,NA,NA,NA,NA,NA,NA,NA,NA,NA,NA,NA,NA,NA,NA,NA,NA,NA,NA,NA
E00148738,E07000189,South Somerset,E12000009,South West,250,1,1b,1b2,0.701618837,0.673099538,0.652480898,0.701618837,1.961767414,2.20463189,1.665749993,0.967411054,0.874351376,1.534435697,1.116671226,0.812972144,0.673099538,0.920806838,NA,NA,NA,NA,NA,NA,NA,NA,NA,NA,NA,NA,NA,NA,NA,NA,NA,NA,NA,NA,NA,NA,NA,NA,NA,NA,NA,0.726460714,0.652480898,0.766109647,NA,NA,NA,NA,NA,NA,NA,NA,NA,NA,NA,NA,NA,NA,NA,NA,NA,NA,NA,NA,NA,NA,NA,NA,NA,NA,NA,NA,NA,NA,NA,NA,NA,NA,NA,NA,NA,NA,NA,NA,NA,NA,NA,NA,NA,NA,NA,NA,NA,NA,NA,NA,NA,NA,NA,NA,NA,NA,NA,NA,NA,NA,NA,NA,NA,NA,NA,NA,NA
E00148739,E07000189,South Somerset,E12000009,South West,297,5,5a,5a1,0.814570713,0.780033436,0.661789444,0.866423115,1.764351675,1.982696755,1.423777774,0.814570713,0.955304852,1.292108461,0.895781363,NA,NA,NA,NA,NA,NA,NA,NA,NA,NA,NA,NA,NA,NA,0.780033436,0.925605346,NA,NA,NA,NA,NA,NA,NA,NA,NA,NA,NA,NA,NA,NA,NA,NA,NA,NA,NA,NA,NA,NA,NA,NA,NA,NA,NA,NA,NA,NA,NA,NA,NA,NA,NA,NA,NA,NA,NA,NA,NA,NA,NA,NA,NA,NA,NA,NA,NA,0.661789444,0.947404104,0.898967228,NA,NA,NA,NA,NA,NA,NA,NA,NA,NA,NA,NA,NA,NA,NA,NA,NA,NA,NA,NA,NA,NA,NA,NA,NA,NA,NA,NA,NA,NA,NA,NA,NA,NA
E00148740,E07000189,South Somerset,E12000009,South West,420,5,5a,5a1,1.433366935,1.449203566,1.443258951,1.507073056,1.890479485,2.150087979,1.842771903,1.433366935,1.531863313,1.761712294,1.605194357,NA,NA,NA,NA,NA,NA,NA,NA,NA,NA,NA,NA,NA,NA,1.449203566,1.458315383,NA,NA,NA,NA,NA,NA,NA,NA,NA,NA,NA,NA,NA,NA,NA,NA,NA,NA,NA,NA,NA,NA,NA,NA,NA,NA,NA,NA,NA,NA,NA,NA,NA,NA,NA,NA,NA,NA,NA,NA,NA,NA,NA,NA,NA,NA,NA,NA,NA,1.443258951,1.471668363,1.525960945,NA,NA,NA,NA,NA,NA,NA,NA,NA,NA,NA,NA,NA,NA,NA,NA,NA,NA,NA,NA,NA,NA,NA,NA,NA,NA,NA,NA,NA,NA,NA,NA,NA,NA
E00148741,E07000189,South Somerset,E12000009,South West,331,5,5b,5b3,1.423534594,1.442193755,1.424810411,1.498176624,1.920675139,2.167590636,1.84182776,1.423534594,1.555349163,1.750804209,1.614458678,NA,NA,NA,NA,NA,NA,NA,NA,NA,NA,NA,NA,NA,NA,1.444864428,1.442193755,NA,NA,NA,NA,NA,NA,NA,NA,NA,NA,NA,NA,NA,NA,NA,NA,NA,NA,NA,NA,NA,NA,NA,NA,NA,NA,NA,NA,NA,NA,NA,NA,NA,NA,NA,NA,NA,NA,NA,NA,NA,NA,NA,NA,NA,NA,NA,NA,NA,NA,NA,NA,1.482014589,1.588484518,1.424810411,NA,NA,NA,NA,NA,NA,NA,NA,NA,NA,NA,NA,NA,NA,NA,NA,NA,NA,NA,NA,NA,NA,NA,NA,NA,NA,NA,NA,NA,NA,NA
E00148742,E07000189,South Somerset,E12000009,South West,224,8,8a,8a2,0.871666463,0.785464143,0.770817792,1.255246483,2.138996174,2.152592685,1.662409501,1.295766491,1.269430168,1.347113574,0.871666463,NA,NA,NA,NA,NA,NA,NA,NA,NA,NA,NA,NA,NA,NA,NA,NA,NA,NA,NA,NA,NA,NA,0.785464143,0.944188554,0.967672122,1.00075958,NA,NA,NA,NA,NA,NA,NA,NA,NA,NA,NA,NA,NA,NA,NA,NA,NA,NA,NA,NA,NA,NA,NA,NA,NA,NA,NA,NA,NA,NA,NA,NA,NA,NA,NA,NA,NA,NA,NA,NA,NA,NA,NA,NA,NA,NA,NA,NA,NA,NA,NA,NA,NA,NA,NA,NA,NA,NA,NA,NA,NA,NA,NA,NA,NA,NA,0.839798603,0.770817792,NA,NA,NA,NA,NA,NA,NA,NA
E00148743,E07000189,South Somerset,E12000009,South West,331,5,5a,5a3,0.880251665,0.911699603,0.879723495,1.133025165,1.475496522,1.769347907,1.424595456,0.880251665,1.313803,1.179395636,1.136552581,NA,NA,NA,NA,NA,NA,NA,NA,NA,NA,NA,NA,NA,NA,0.911699603,0.913301839,NA,NA,NA,NA,NA,NA,NA,NA,NA,NA,NA,NA,NA,NA,NA,NA,NA,NA,NA,NA,NA,NA,NA,NA,NA,NA,NA,NA,NA,NA,NA,NA,NA,NA,NA,NA,NA,NA,NA,NA,NA,NA,NA,NA,NA,NA,NA,NA,NA,0.927341406,1.067193764,0.879723495,NA,NA,NA,NA,NA,NA,NA,NA,NA,NA,NA,NA,NA,NA,NA,NA,NA,NA,NA,NA,NA,NA,NA,NA,NA,NA,NA,NA,NA,NA,NA,NA,NA,NA
E00148744,E07000189,South Somerset,E12000009,South West,232,8,8c,8c2,0.876354023,0.767643205,0.754625513,1.096122512,1.666111899,1.864270309,1.443166843,0.908006099,1.250467075,0.993957981,0.876354023,NA,NA,NA,NA,NA,NA,NA,NA,NA,NA,NA,NA,NA,NA,NA,NA,NA,NA,NA,NA,NA,NA,0.979352413,0.943777022,0.767643205,1.041990744,NA,NA,NA,NA,NA,NA,NA,NA,NA,NA,NA,NA,NA,NA,NA,NA,NA,NA,NA,NA,NA,NA,NA,NA,NA,NA,NA,NA,NA,NA,NA,NA,NA,NA,NA,NA,NA,NA,NA,NA,NA,NA,NA,NA,NA,NA,NA,NA,NA,NA,NA,NA,NA,NA,NA,NA,NA,NA,NA,NA,NA,NA,NA,NA,NA,NA,NA,NA,NA,NA,0.770139853,0.754625513,0.868626615,NA,NA,NA
E00148745,E07000189,South Somerset,E12000009,South West,318,1,1b,1b2,0.711916055,0.680706662,0.692708307,0.711916055,1.869487497,2.114813709,1.587089134,0.950349885,1.064587444,1.412679201,1.058266666,0.824088754,0.680706662,0.931979487,NA,NA,NA,NA,NA,NA,NA,NA,NA,NA,NA,NA,NA,NA,NA,NA,NA,NA,NA,NA,NA,NA,NA,NA,NA,NA,NA,0.744110401,0.692708307,0.718150867,NA,NA,NA,NA,NA,NA,NA,NA,NA,NA,NA,NA,NA,NA,NA,NA,NA,NA,NA,NA,NA,NA,NA,NA,NA,NA,NA,NA,NA,NA,NA,NA,NA,NA,NA,NA,NA,NA,NA,NA,NA,NA,NA,NA,NA,NA,NA,NA,NA,NA,NA,NA,NA,NA,NA,NA,NA,NA,NA,NA,NA,NA,NA,NA,NA,NA,NA,NA,NA
E00148746,E07000189,South Somerset,E12000009,South West,445,1,1c,1c1,0.895925441,0.648922901,0.619604796,0.895925441,1.953034621,2.148606861,1.690513539,1.145035847,1.220075969,1.581785438,1.267026483,1.038344064,0.932826034,0.648922901,NA,NA,NA,NA,NA,NA,NA,NA,NA,NA,NA,NA,NA,NA,NA,NA,NA,NA,NA,NA,NA,NA,NA,NA,NA,NA,NA,NA,NA,NA,0.619604796,0.688167837,0.790636845,NA,NA,NA,NA,NA,NA,NA,NA,NA,NA,NA,NA,NA,NA,NA,NA,NA,NA,NA,NA,NA,NA,NA,NA,NA,NA,NA,NA,NA,NA,NA,NA,NA,NA,NA,NA,NA,NA,NA,NA,NA,NA,NA,NA,NA,NA,NA,NA,NA,NA,NA,NA,NA,NA,NA,NA,NA,NA,NA,NA,NA,NA,NA,NA,NA,NA
E00148747,E07000189,South Somerset,E12000009,South West,289,1,1a,1a2,0.701980202,0.600777191,0.586806105,0.701980202,2.200923546,2.485689204,1.938865679,1.311823941,0.997128042,1.86314452,1.416359822,0.600777191,0.811030353,0.961116091,NA,NA,NA,NA,NA,NA,NA,NA,NA,NA,NA,NA,NA,NA,NA,NA,NA,NA,NA,NA,NA,NA,NA,0.749790242,0.586806105,0.599350455,0.75838353,NA,NA,NA,NA,NA,NA,NA,NA,NA,NA,NA,NA,NA,NA,NA,NA,NA,NA,NA,NA,NA,NA,NA,NA,NA,NA,NA,NA,NA,NA,NA,NA,NA,NA,NA,NA,NA,NA,NA,NA,NA,NA,NA,NA,NA,NA,NA,NA,NA,NA,NA,NA,NA,NA,NA,NA,NA,NA,NA,NA,NA,NA,NA,NA,NA,NA,NA,NA,NA,NA,NA,NA
E00148748,E07000189,South Somerset,E12000009,South West,206,8,8c,8c2,0.789750378,0.727308602,0.70846153,1.036163974,1.951324957,1.983493372,1.52637149,1.080885461,1.297825727,1.081946781,0.789750378,NA,NA,NA,NA,NA,NA,NA,NA,NA,NA,NA,NA,NA,NA,NA,NA,NA,NA,NA,NA,NA,NA,0.837714088,0.927908659,0.727308602,0.928757358,NA,NA,NA,NA,NA,NA,NA,NA,NA,NA,NA,NA,NA,NA,NA,NA,NA,NA,NA,NA,NA,NA,NA,NA,NA,NA,NA,NA,NA,NA,NA,NA,NA,NA,NA,NA,NA,NA,NA,NA,NA,NA,NA,NA,NA,NA,NA,NA,NA,NA,NA,NA,NA,NA,NA,NA,NA,NA,NA,NA,NA,NA,NA,NA,NA,NA,NA,NA,NA,NA,0.754363782,0.70846153,0.806547544,NA,NA,NA
E00148750,E07000189,South Somerset,E12000009,South West,246,5,5b,5b3,1.002546047,0.970075321,0.94714011,1.035530028,1.733989841,1.994730937,1.553286541,1.002546047,1.208728142,1.300873226,1.215180451,NA,NA,NA,NA,NA,NA,NA,NA,NA,NA,NA,NA,NA,NA,1.078911212,0.970075321,NA,NA,NA,NA,NA,NA,NA,NA,NA,NA,NA,NA,NA,NA,NA,NA,NA,NA,NA,NA,NA,NA,NA,NA,NA,NA,NA,NA,NA,NA,NA,NA,NA,NA,NA,NA,NA,NA,NA,NA,NA,NA,NA,NA,NA,NA,NA,NA,NA,NA,NA,NA,1.080689401,1.113438715,0.94714011,NA,NA,NA,NA,NA,NA,NA,NA,NA,NA,NA,NA,NA,NA,NA,NA,NA,NA,NA,NA,NA,NA,NA,NA,NA,NA,NA,NA,NA,NA,NA
E00148751,E07000189,South Somerset,E12000009,South West,349,1,1c,1c2,0.889547348,0.674751254,0.56147712,0.889547348,1.821333693,2.03675348,1.556965615,0.9255127,1.057542663,1.323104139,1.060928684,1.09158195,0.868668807,0.674751254,NA,NA,NA,NA,NA,NA,NA,NA,NA,NA,NA,NA,NA,NA,NA,NA,NA,NA,NA,NA,NA,NA,NA,NA,NA,NA,NA,NA,NA,NA,0.857329371,0.56147712,0.761385896,NA,NA,NA,NA,NA,NA,NA,NA,NA,NA,NA,NA,NA,NA,NA,NA,NA,NA,NA,NA,NA,NA,NA,NA,NA,NA,NA,NA,NA,NA,NA,NA,NA,NA,NA,NA,NA,NA,NA,NA,NA,NA,NA,NA,NA,NA,NA,NA,NA,NA,NA,NA,NA,NA,NA,NA,NA,NA,NA,NA,NA,NA,NA,NA,NA,NA
E00148752,E07000189,South Somerset,E12000009,South West,299,1,1b,1b1,0.71391611,0.654593154,0.614029341,0.71391611,1.993496503,2.14631189,1.618009762,1.052813156,0.916655554,1.338237302,0.913807078,0.853913367,0.654593154,0.939146323,NA,NA,NA,NA,NA,NA,NA,NA,NA,NA,NA,NA,NA,NA,NA,NA,NA,NA,NA,NA,NA,NA,NA,NA,NA,NA,NA,0.614029341,0.795517007,0.661406098,NA,NA,NA,NA,NA,NA,NA,NA,NA,NA,NA,NA,NA,NA,NA,NA,NA,NA,NA,NA,NA,NA,NA,NA,NA,NA,NA,NA,NA,NA,NA,NA,NA,NA,NA,NA,NA,NA,NA,NA,NA,NA,NA,NA,NA,NA,NA,NA,NA,NA,NA,NA,NA,NA,NA,NA,NA,NA,NA,NA,NA,NA,NA,NA,NA,NA,NA,NA,NA
E00148753,E07000189,South Somerset,E12000009,South West,288,1,1b,1b1,0.948395446,0.89545804,0.814120342,0.948395446,1.966465358,2.176123847,1.559523368,1.038519263,0.95222967,1.522102597,0.983903747,1.060070434,0.89545804,1.150095506,NA,NA,NA,NA,NA,NA,NA,NA,NA,NA,NA,NA,NA,NA,NA,NA,NA,NA,NA,NA,NA,NA,NA,NA,NA,NA,NA,0.814120342,0.969681981,1.013497336,NA,NA,NA,NA,NA,NA,NA,NA,NA,NA,NA,NA,NA,NA,NA,NA,NA,NA,NA,NA,NA,NA,NA,NA,NA,NA,NA,NA,NA,NA,NA,NA,NA,NA,NA,NA,NA,NA,NA,NA,NA,NA,NA,NA,NA,NA,NA,NA,NA,NA,NA,NA,NA,NA,NA,NA,NA,NA,NA,NA,NA,NA,NA,NA,NA,NA,NA,NA,NA
E00148754,E07000189,South Somerset,E12000009,South West,337,1,1c,1c2,0.893846757,0.59189071,0.550194556,0.893846757,2.028776805,2.217748959,1.742405031,1.204920613,1.111052861,1.509744442,1.218107016,1.037706974,0.938926227,0.59189071,NA,NA,NA,NA,NA,NA,NA,NA,NA,NA,NA,NA,NA,NA,NA,NA,NA,NA,NA,NA,NA,NA,NA,NA,NA,NA,NA,NA,NA,NA,0.735976391,0.550194556,0.678245424,NA,NA,NA,NA,NA,NA,NA,NA,NA,NA,NA,NA,NA,NA,NA,NA,NA,NA,NA,NA,NA,NA,NA,NA,NA,NA,NA,NA,NA,NA,NA,NA,NA,NA,NA,NA,NA,NA,NA,NA,NA,NA,NA,NA,NA,NA,NA,NA,NA,NA,NA,NA,NA,NA,NA,NA,NA,NA,NA,NA,NA,NA,NA,NA,NA,NA
E00148755,E07000189,South Somerset,E12000009,South West,272,1,1a,1a2,0.476268178,0.51863109,0.490498062,0.476268178,1.857083449,2.092119938,1.613782952,0.94055337,0.65549102,1.456990807,1.092268213,0.51863109,0.534925148,0.751285197,NA,NA,NA,NA,NA,NA,NA,NA,NA,NA,NA,NA,NA,NA,NA,NA,NA,NA,NA,NA,NA,NA,NA,0.687896915,0.490498062,0.615561986,0.535452425,NA,NA,NA,NA,NA,NA,NA,NA,NA,NA,NA,NA,NA,NA,NA,NA,NA,NA,NA,NA,NA,NA,NA,NA,NA,NA,NA,NA,NA,NA,NA,NA,NA,NA,NA,NA,NA,NA,NA,NA,NA,NA,NA,NA,NA,NA,NA,NA,NA,NA,NA,NA,NA,NA,NA,NA,NA,NA,NA,NA,NA,NA,NA,NA,NA,NA,NA,NA,NA,NA,NA,NA
E00148756,E07000189,South Somerset,E12000009,South West,261,5,5b,5b3,0.855623507,0.824656898,0.801785963,1.163865368,1.520070773,1.685242305,1.296255946,0.855623507,1.29625719,1.027957558,0.999769948,NA,NA,NA,NA,NA,NA,NA,NA,NA,NA,NA,NA,NA,NA,0.938638973,0.824656898,NA,NA,NA,NA,NA,NA,NA,NA,NA,NA,NA,NA,NA,NA,NA,NA,NA,NA,NA,NA,NA,NA,NA,NA,NA,NA,NA,NA,NA,NA,NA,NA,NA,NA,NA,NA,NA,NA,NA,NA,NA,NA,NA,NA,NA,NA,NA,NA,NA,NA,NA,NA,1.028259212,0.885532633,0.801785963,NA,NA,NA,NA,NA,NA,NA,NA,NA,NA,NA,NA,NA,NA,NA,NA,NA,NA,NA,NA,NA,NA,NA,NA,NA,NA,NA,NA,NA,NA,NA
E00148757,E07000189,South Somerset,E12000009,South West,256,5,5a,5a3,0.924850995,0.927588698,0.853786841,1.254469465,1.408673578,1.475471536,1.135913607,0.924850995,1.426959021,1.125920602,1.112118894,NA,NA,NA,NA,NA,NA,NA,NA,NA,NA,NA,NA,NA,NA,0.927588698,0.988064234,NA,NA,NA,NA,NA,NA,NA,NA,NA,NA,NA,NA,NA,NA,NA,NA,NA,NA,NA,NA,NA,NA,NA,NA,NA,NA,NA,NA,NA,NA,NA,NA,NA,NA,NA,NA,NA,NA,NA,NA,NA,NA,NA,NA,NA,NA,NA,NA,NA,1.028873102,1.016053681,0.853786841,NA,NA,NA,NA,NA,NA,NA,NA,NA,NA,NA,NA,NA,NA,NA,NA,NA,NA,NA,NA,NA,NA,NA,NA,NA,NA,NA,NA,NA,NA,NA,NA,NA,NA
E00148758,E07000189,South Somerset,E12000009,South West,263,5,5b,5b2,1.130952699,1.037409389,0.819490495,1.327800343,1.787400037,1.893960189,1.516350496,1.130952699,1.477053315,1.308404703,1.239048926,NA,NA,NA,NA,NA,NA,NA,NA,NA,NA,NA,NA,NA,NA,1.246378077,1.037409389,NA,NA,NA,NA,NA,NA,NA,NA,NA,NA,NA,NA,NA,NA,NA,NA,NA,NA,NA,NA,NA,NA,NA,NA,NA,NA,NA,NA,NA,NA,NA,NA,NA,NA,NA,NA,NA,NA,NA,NA,NA,NA,NA,NA,NA,NA,NA,NA,NA,NA,NA,NA,1.27709941,0.819490495,1.08762229,NA,NA,NA,NA,NA,NA,NA,NA,NA,NA,NA,NA,NA,NA,NA,NA,NA,NA,NA,NA,NA,NA,NA,NA,NA,NA,NA,NA,NA,NA,NA
E00148759,E07000189,South Somerset,E12000009,South West,301,8,8a,8a2,0.801302705,0.787527998,0.711855418,1.199612631,2.015985659,2.074211113,1.627238308,1.266898742,1.375832682,1.185224236,0.801302705,NA,NA,NA,NA,NA,NA,NA,NA,NA,NA,NA,NA,NA,NA,NA,NA,NA,NA,NA,NA,NA,NA,0.787527998,0.917332771,0.835676342,0.915970578,NA,NA,NA,NA,NA,NA,NA,NA,NA,NA,NA,NA,NA,NA,NA,NA,NA,NA,NA,NA,NA,NA,NA,NA,NA,NA,NA,NA,NA,NA,NA,NA,NA,NA,NA,NA,NA,NA,NA,NA,NA,NA,NA,NA,NA,NA,NA,NA,NA,NA,NA,NA,NA,NA,NA,NA,NA,NA,NA,NA,NA,NA,NA,NA,NA,NA,0.882712337,0.711855418,NA,NA,NA,NA,NA,NA,NA,NA
E00148760,E07000189,South Somerset,E12000009,South West,332,1,1a,1a2,0.555279093,0.568406013,0.479613273,0.555279093,1.968939557,2.244184728,1.709264061,1.043765555,0.810151454,1.642110843,1.199231549,0.568406013,0.616226884,0.823818925,NA,NA,NA,NA,NA,NA,NA,NA,NA,NA,NA,NA,NA,NA,NA,NA,NA,NA,NA,NA,NA,NA,NA,0.755128462,0.479613273,0.610058668,0.719417602,NA,NA,NA,NA,NA,NA,NA,NA,NA,NA,NA,NA,NA,NA,NA,NA,NA,NA,NA,NA,NA,NA,NA,NA,NA,NA,NA,NA,NA,NA,NA,NA,NA,NA,NA,NA,NA,NA,NA,NA,NA,NA,NA,NA,NA,NA,NA,NA,NA,NA,NA,NA,NA,NA,NA,NA,NA,NA,NA,NA,NA,NA,NA,NA,NA,NA,NA,NA,NA,NA,NA,NA
E00148761,E07000189,South Somerset,E12000009,South West,294,1,1b,1b1,0.632927372,0.563752395,0.576968617,0.632927372,1.883497401,2.024701043,1.495461994,0.930591057,0.930248391,1.345624054,0.902065421,0.84041336,0.563752395,0.724909111,NA,NA,NA,NA,NA,NA,NA,NA,NA,NA,NA,NA,NA,NA,NA,NA,NA,NA,NA,NA,NA,NA,NA,NA,NA,NA,NA,0.576968617,0.621577063,0.64097124,NA,NA,NA,NA,NA,NA,NA,NA,NA,NA,NA,NA,NA,NA,NA,NA,NA,NA,NA,NA,NA,NA,NA,NA,NA,NA,NA,NA,NA,NA,NA,NA,NA,NA,NA,NA,NA,NA,NA,NA,NA,NA,NA,NA,NA,NA,NA,NA,NA,NA,NA,NA,NA,NA,NA,NA,NA,NA,NA,NA,NA,NA,NA,NA,NA,NA,NA,NA,NA
E00148762,E07000189,South Somerset,E12000009,South West,332,1,1b,1b2,0.544319636,0.568735513,0.557116658,0.544319636,1.984248724,2.219772197,1.735140454,1.061779081,0.883366625,1.53955662,1.172136312,0.607991635,0.568735513,0.818122519,NA,NA,NA,NA,NA,NA,NA,NA,NA,NA,NA,NA,NA,NA,NA,NA,NA,NA,NA,NA,NA,NA,NA,NA,NA,NA,NA,0.653906451,0.557116658,0.628607103,NA,NA,NA,NA,NA,NA,NA,NA,NA,NA,NA,NA,NA,NA,NA,NA,NA,NA,NA,NA,NA,NA,NA,NA,NA,NA,NA,NA,NA,NA,NA,NA,NA,NA,NA,NA,NA,NA,NA,NA,NA,NA,NA,NA,NA,NA,NA,NA,NA,NA,NA,NA,NA,NA,NA,NA,NA,NA,NA,NA,NA,NA,NA,NA,NA,NA,NA,NA,NA
E00148763,E07000189,South Somerset,E12000009,South West,316,5,5b,5b3,0.716927126,0.713243488,0.58129513,0.833645905,1.597263881,1.799052852,1.352386203,0.716927126,1.044234939,1.033709382,0.813535416,NA,NA,NA,NA,NA,NA,NA,NA,NA,NA,NA,NA,NA,NA,0.789957528,0.713243488,NA,NA,NA,NA,NA,NA,NA,NA,NA,NA,NA,NA,NA,NA,NA,NA,NA,NA,NA,NA,NA,NA,NA,NA,NA,NA,NA,NA,NA,NA,NA,NA,NA,NA,NA,NA,NA,NA,NA,NA,NA,NA,NA,NA,NA,NA,NA,NA,NA,NA,NA,NA,0.928229974,0.957340586,0.58129513,NA,NA,NA,NA,NA,NA,NA,NA,NA,NA,NA,NA,NA,NA,NA,NA,NA,NA,NA,NA,NA,NA,NA,NA,NA,NA,NA,NA,NA,NA,NA
E00148764,E07000189,South Somerset,E12000009,South West,354,8,8c,8c2,0.636264858,0.539380945,0.528307705,1.059986472,1.754827674,1.840248643,1.383383873,0.933586652,1.241631,0.899261669,0.636264858,NA,NA,NA,NA,NA,NA,NA,NA,NA,NA,NA,NA,NA,NA,NA,NA,NA,NA,NA,NA,NA,NA,0.758444706,0.80785189,0.539380945,0.746022346,NA,NA,NA,NA,NA,NA,NA,NA,NA,NA,NA,NA,NA,NA,NA,NA,NA,NA,NA,NA,NA,NA,NA,NA,NA,NA,NA,NA,NA,NA,NA,NA,NA,NA,NA,NA,NA,NA,NA,NA,NA,NA,NA,NA,NA,NA,NA,NA,NA,NA,NA,NA,NA,NA,NA,NA,NA,NA,NA,NA,NA,NA,NA,NA,NA,NA,NA,NA,NA,NA,0.594584912,0.528307705,0.608036846,NA,NA,NA
E00148765,E07000189,South Somerset,E12000009,South West,417,8,8c,8c1,0.670793575,0.673857574,0.666927309,1.012016156,1.739972473,1.853527472,1.326295967,0.852005314,1.123686041,1.085276502,0.670793575,NA,NA,NA,NA,NA,NA,NA,NA,NA,NA,NA,NA,NA,NA,NA,NA,NA,NA,NA,NA,NA,NA,0.701867445,0.819154742,0.673857574,0.787973938,NA,NA,NA,NA,NA,NA,NA,NA,NA,NA,NA,NA,NA,NA,NA,NA,NA,NA,NA,NA,NA,NA,NA,NA,NA,NA,NA,NA,NA,NA,NA,NA,NA,NA,NA,NA,NA,NA,NA,NA,NA,NA,NA,NA,NA,NA,NA,NA,NA,NA,NA,NA,NA,NA,NA,NA,NA,NA,NA,NA,NA,NA,NA,NA,NA,NA,NA,NA,NA,NA,0.666927309,0.667851904,0.792412199,NA,NA,NA
E00148766,E07000189,South Somerset,E12000009,South West,284,5,5b,5b3,0.867037404,0.867948802,0.762215486,0.975873842,1.825364924,2.071204058,1.559251163,0.867037404,1.002929257,1.19368996,0.904432764,NA,NA,NA,NA,NA,NA,NA,NA,NA,NA,NA,NA,NA,NA,0.925258977,0.867948802,NA,NA,NA,NA,NA,NA,NA,NA,NA,NA,NA,NA,NA,NA,NA,NA,NA,NA,NA,NA,NA,NA,NA,NA,NA,NA,NA,NA,NA,NA,NA,NA,NA,NA,NA,NA,NA,NA,NA,NA,NA,NA,NA,NA,NA,NA,NA,NA,NA,NA,NA,NA,1.086768365,1.036537773,0.762215486,NA,NA,NA,NA,NA,NA,NA,NA,NA,NA,NA,NA,NA,NA,NA,NA,NA,NA,NA,NA,NA,NA,NA,NA,NA,NA,NA,NA,NA,NA,NA
E00148767,E07000189,South Somerset,E12000009,South West,244,1,1b,1b2,0.561650081,0.586360469,0.567658129,0.561650081,2.081190943,2.305280208,1.774894048,1.110849332,0.928486128,1.601391092,1.180916982,0.602326185,0.586360469,0.871993025,NA,NA,NA,NA,NA,NA,NA,NA,NA,NA,NA,NA,NA,NA,NA,NA,NA,NA,NA,NA,NA,NA,NA,NA,NA,NA,NA,0.635022792,0.567658129,0.70165881,NA,NA,NA,NA,NA,NA,NA,NA,NA,NA,NA,NA,NA,NA,NA,NA,NA,NA,NA,NA,NA,NA,NA,NA,NA,NA,NA,NA,NA,NA,NA,NA,NA,NA,NA,NA,NA,NA,NA,NA,NA,NA,NA,NA,NA,NA,NA,NA,NA,NA,NA,NA,NA,NA,NA,NA,NA,NA,NA,NA,NA,NA,NA,NA,NA,NA,NA,NA,NA
E00148768,E07000189,South Somerset,E12000009,South West,417,8,8c,8c2,0.798047804,0.743600819,0.682396769,0.887324987,1.674923471,1.787041407,1.300236387,0.800075411,1.070157897,1.118207667,0.798047804,NA,NA,NA,NA,NA,NA,NA,NA,NA,NA,NA,NA,NA,NA,NA,NA,NA,NA,NA,NA,NA,NA,0.838780773,0.94513928,0.743600819,0.926473561,NA,NA,NA,NA,NA,NA,NA,NA,NA,NA,NA,NA,NA,NA,NA,NA,NA,NA,NA,NA,NA,NA,NA,NA,NA,NA,NA,NA,NA,NA,NA,NA,NA,NA,NA,NA,NA,NA,NA,NA,NA,NA,NA,NA,NA,NA,NA,NA,NA,NA,NA,NA,NA,NA,NA,NA,NA,NA,NA,NA,NA,NA,NA,NA,NA,NA,NA,NA,NA,NA,0.742614671,0.682396769,0.882510576,NA,NA,NA
E00148769,E07000189,South Somerset,E12000009,South West,255,5,5b,5b3,0.755503351,0.663949375,0.579539648,0.951091163,1.638987028,1.813080925,1.401697879,0.755503351,1.077242677,1.004409259,0.863066334,NA,NA,NA,NA,NA,NA,NA,NA,NA,NA,NA,NA,NA,NA,0.885754809,0.663949375,NA,NA,NA,NA,NA,NA,NA,NA,NA,NA,NA,NA,NA,NA,NA,NA,NA,NA,NA,NA,NA,NA,NA,NA,NA,NA,NA,NA,NA,NA,NA,NA,NA,NA,NA,NA,NA,NA,NA,NA,NA,NA,NA,NA,NA,NA,NA,NA,NA,NA,NA,NA,0.912741827,0.816135864,0.579539648,NA,NA,NA,NA,NA,NA,NA,NA,NA,NA,NA,NA,NA,NA,NA,NA,NA,NA,NA,NA,NA,NA,NA,NA,NA,NA,NA,NA,NA,NA,NA
E00148770,E07000189,South Somerset,E12000009,South West,287,6,6b,6b2,0.804819458,0.735884915,0.685748445,0.918092091,2.11723773,2.382047522,1.748301503,1.11967617,0.804819458,1.685518112,1.176635555,NA,NA,NA,NA,NA,NA,NA,NA,NA,NA,NA,NA,NA,NA,NA,NA,0.959867102,0.735884915,NA,NA,NA,NA,NA,NA,NA,NA,NA,NA,NA,NA,NA,NA,NA,NA,NA,NA,NA,NA,NA,NA,NA,NA,NA,NA,NA,NA,NA,NA,NA,NA,NA,NA,NA,NA,NA,NA,NA,NA,NA,NA,NA,NA,NA,NA,NA,NA,NA,NA,NA,NA,NA,NA,NA,NA,NA,0.973366428,0.685748445,0.786256343,0.848312391,NA,NA,NA,NA,NA,NA,NA,NA,NA,NA,NA,NA,NA,NA,NA,NA,NA,NA,NA,NA,NA,NA,NA
E00148771,E07000189,South Somerset,E12000009,South West,303,1,1b,1b1,0.76935847,0.705046783,0.662592839,0.76935847,2.035324741,2.203644182,1.66062449,1.129937456,1.084695169,1.466736804,1.020763441,0.951399542,0.705046783,0.861566451,NA,NA,NA,NA,NA,NA,NA,NA,NA,NA,NA,NA,NA,NA,NA,NA,NA,NA,NA,NA,NA,NA,NA,NA,NA,NA,NA,0.662592839,0.803318706,0.768589207,NA,NA,NA,NA,NA,NA,NA,NA,NA,NA,NA,NA,NA,NA,NA,NA,NA,NA,NA,NA,NA,NA,NA,NA,NA,NA,NA,NA,NA,NA,NA,NA,NA,NA,NA,NA,NA,NA,NA,NA,NA,NA,NA,NA,NA,NA,NA,NA,NA,NA,NA,NA,NA,NA,NA,NA,NA,NA,NA,NA,NA,NA,NA,NA,NA,NA,NA,NA,NA
E00148772,E07000189,South Somerset,E12000009,South West,406,8,8c,8c1,0.660847058,0.616240335,0.580536235,0.911973146,1.750183802,1.85022382,1.328874392,0.782371191,1.017826587,1.061667212,0.660847058,NA,NA,NA,NA,NA,NA,NA,NA,NA,NA,NA,NA,NA,NA,NA,NA,NA,NA,NA,NA,NA,NA,0.695274957,0.811398807,0.616240335,0.82311864,NA,NA,NA,NA,NA,NA,NA,NA,NA,NA,NA,NA,NA,NA,NA,NA,NA,NA,NA,NA,NA,NA,NA,NA,NA,NA,NA,NA,NA,NA,NA,NA,NA,NA,NA,NA,NA,NA,NA,NA,NA,NA,NA,NA,NA,NA,NA,NA,NA,NA,NA,NA,NA,NA,NA,NA,NA,NA,NA,NA,NA,NA,NA,NA,NA,NA,NA,NA,NA,NA,0.580536235,0.649666321,0.747864449,NA,NA,NA
E00148773,E07000189,South Somerset,E12000009,South West,259,1,1b,1b2,0.842702003,0.880841343,0.895079191,0.842702003,2.08079786,2.375049957,1.870096872,1.139625708,0.872368775,1.678595941,1.350786003,0.88979564,0.880841343,0.951944657,NA,NA,NA,NA,NA,NA,NA,NA,NA,NA,NA,NA,NA,NA,NA,NA,NA,NA,NA,NA,NA,NA,NA,NA,NA,NA,NA,0.926000476,0.895079191,0.910660048,NA,NA,NA,NA,NA,NA,NA,NA,NA,NA,NA,NA,NA,NA,NA,NA,NA,NA,NA,NA,NA,NA,NA,NA,NA,NA,NA,NA,NA,NA,NA,NA,NA,NA,NA,NA,NA,NA,NA,NA,NA,NA,NA,NA,NA,NA,NA,NA,NA,NA,NA,NA,NA,NA,NA,NA,NA,NA,NA,NA,NA,NA,NA,NA,NA,NA,NA,NA,NA
E00148774,E07000189,South Somerset,E12000009,South West,293,1,1c,1c3,1.048496087,0.796072685,0.769676291,1.048496087,1.950440654,2.181264822,1.69121696,1.05718435,1.054912838,1.596060316,1.312014057,1.209655767,1.059401549,0.796072685,NA,NA,NA,NA,NA,NA,NA,NA,NA,NA,NA,NA,NA,NA,NA,NA,NA,NA,NA,NA,NA,NA,NA,NA,NA,NA,NA,NA,NA,NA,0.991993358,0.778440797,0.769676291,NA,NA,NA,NA,NA,NA,NA,NA,NA,NA,NA,NA,NA,NA,NA,NA,NA,NA,NA,NA,NA,NA,NA,NA,NA,NA,NA,NA,NA,NA,NA,NA,NA,NA,NA,NA,NA,NA,NA,NA,NA,NA,NA,NA,NA,NA,NA,NA,NA,NA,NA,NA,NA,NA,NA,NA,NA,NA,NA,NA,NA,NA,NA,NA,NA,NA
E00148775,E07000189,South Somerset,E12000009,South West,360,8,8a,8a1,0.801439047,0.698292146,0.673520448,0.821498413,1.991865908,2.147297143,1.591984419,1.038696346,1.048406255,1.341043567,0.801439047,NA,NA,NA,NA,NA,NA,NA,NA,NA,NA,NA,NA,NA,NA,NA,NA,NA,NA,NA,NA,NA,NA,0.698292146,0.844269997,0.865744566,1.017623958,NA,NA,NA,NA,NA,NA,NA,NA,NA,NA,NA,NA,NA,NA,NA,NA,NA,NA,NA,NA,NA,NA,NA,NA,NA,NA,NA,NA,NA,NA,NA,NA,NA,NA,NA,NA,NA,NA,NA,NA,NA,NA,NA,NA,NA,NA,NA,NA,NA,NA,NA,NA,NA,NA,NA,NA,NA,NA,NA,NA,NA,NA,NA,NA,NA,NA,0.673520448,0.788484179,NA,NA,NA,NA,NA,NA,NA,NA
E00148776,E07000189,South Somerset,E12000009,South West,332,1,1b,1b1,0.567960108,0.529048392,0.557306667,0.567960108,1.955547532,2.180992591,1.609375583,0.911131568,0.854413823,1.448456774,0.975565143,0.729945163,0.529048392,0.754702385,NA,NA,NA,NA,NA,NA,NA,NA,NA,NA,NA,NA,NA,NA,NA,NA,NA,NA,NA,NA,NA,NA,NA,NA,NA,NA,NA,0.557306667,0.560654065,0.628977599,NA,NA,NA,NA,NA,NA,NA,NA,NA,NA,NA,NA,NA,NA,NA,NA,NA,NA,NA,NA,NA,NA,NA,NA,NA,NA,NA,NA,NA,NA,NA,NA,NA,NA,NA,NA,NA,NA,NA,NA,NA,NA,NA,NA,NA,NA,NA,NA,NA,NA,NA,NA,NA,NA,NA,NA,NA,NA,NA,NA,NA,NA,NA,NA,NA,NA,NA,NA,NA
E00148777,E07000189,South Somerset,E12000009,South West,239,7,7c,7c3,0.882230008,0.799980467,0.801290748,1.442670977,1.829934064,1.875041959,1.609113939,1.244617048,1.530325257,0.882230008,0.945144058,NA,NA,NA,NA,NA,NA,NA,NA,NA,NA,NA,NA,NA,NA,NA,NA,NA,NA,1.004938278,1.252902214,0.799980467,0.91100581,NA,NA,NA,NA,NA,NA,NA,NA,NA,NA,NA,NA,NA,NA,NA,NA,NA,NA,NA,NA,NA,NA,NA,NA,NA,NA,NA,NA,NA,NA,NA,NA,NA,NA,NA,NA,NA,NA,NA,NA,NA,NA,NA,NA,NA,NA,NA,NA,NA,NA,NA,NA,NA,NA,NA,NA,NA,NA,NA,NA,NA,NA,NA,0.864258453,0.863275606,0.801290748,NA,NA,NA,NA,NA,NA,NA,NA,NA,NA,NA,NA,NA,NA
E00148778,E07000189,South Somerset,E12000009,South West,342,8,8a,8a1,0.564119578,0.507186474,0.489702121,0.841577186,1.742918485,1.908278118,1.354136576,0.797798313,0.924868513,1.111896516,0.564119578,NA,NA,NA,NA,NA,NA,NA,NA,NA,NA,NA,NA,NA,NA,NA,NA,NA,NA,NA,NA,NA,NA,0.507186474,0.680360846,0.618207979,0.772407885,NA,NA,NA,NA,NA,NA,NA,NA,NA,NA,NA,NA,NA,NA,NA,NA,NA,NA,NA,NA,NA,NA,NA,NA,NA,NA,NA,NA,NA,NA,NA,NA,NA,NA,NA,NA,NA,NA,NA,NA,NA,NA,NA,NA,NA,NA,NA,NA,NA,NA,NA,NA,NA,NA,NA,NA,NA,NA,NA,NA,NA,NA,NA,NA,NA,NA,0.489702121,0.608356999,NA,NA,NA,NA,NA,NA,NA,NA
E00148779,E07000189,South Somerset,E12000009,South West,339,1,1b,1b3,0.666803023,0.577328826,0.584948148,0.666803023,1.748186137,1.994464732,1.494225843,0.7905934,0.890562895,1.260942128,0.922862927,0.855703468,0.577328826,0.857828792,NA,NA,NA,NA,NA,NA,NA,NA,NA,NA,NA,NA,NA,NA,NA,NA,NA,NA,NA,NA,NA,NA,NA,NA,NA,NA,NA,0.67402857,0.590553875,0.584948148,NA,NA,NA,NA,NA,NA,NA,NA,NA,NA,NA,NA,NA,NA,NA,NA,NA,NA,NA,NA,NA,NA,NA,NA,NA,NA,NA,NA,NA,NA,NA,NA,NA,NA,NA,NA,NA,NA,NA,NA,NA,NA,NA,NA,NA,NA,NA,NA,NA,NA,NA,NA,NA,NA,NA,NA,NA,NA,NA,NA,NA,NA,NA,NA,NA,NA,NA,NA,NA
E00148780,E07000189,South Somerset,E12000009,South West,292,8,8c,8c2,0.782182762,0.621939093,0.57973869,0.866191924,1.737515588,1.877670221,1.465548798,0.876547225,1.17121906,0.991572256,0.782182762,NA,NA,NA,NA,NA,NA,NA,NA,NA,NA,NA,NA,NA,NA,NA,NA,NA,NA,NA,NA,NA,NA,0.858149122,0.940426191,0.621939093,0.963453211,NA,NA,NA,NA,NA,NA,NA,NA,NA,NA,NA,NA,NA,NA,NA,NA,NA,NA,NA,NA,NA,NA,NA,NA,NA,NA,NA,NA,NA,NA,NA,NA,NA,NA,NA,NA,NA,NA,NA,NA,NA,NA,NA,NA,NA,NA,NA,NA,NA,NA,NA,NA,NA,NA,NA,NA,NA,NA,NA,NA,NA,NA,NA,NA,NA,NA,NA,NA,NA,NA,0.632723852,0.57973869,0.750525765,NA,NA,NA
E00148781,E07000189,South Somerset,E12000009,South West,359,5,5b,5b3,0.704648824,0.688564201,0.582734732,0.791736427,1.641948167,1.854646187,1.38336073,0.704648824,0.984569075,1.094198814,0.809294219,NA,NA,NA,NA,NA,NA,NA,NA,NA,NA,NA,NA,NA,NA,0.78793272,0.688564201,NA,NA,NA,NA,NA,NA,NA,NA,NA,NA,NA,NA,NA,NA,NA,NA,NA,NA,NA,NA,NA,NA,NA,NA,NA,NA,NA,NA,NA,NA,NA,NA,NA,NA,NA,NA,NA,NA,NA,NA,NA,NA,NA,NA,NA,NA,NA,NA,NA,NA,NA,NA,0.93531385,0.866024852,0.582734732,NA,NA,NA,NA,NA,NA,NA,NA,NA,NA,NA,NA,NA,NA,NA,NA,NA,NA,NA,NA,NA,NA,NA,NA,NA,NA,NA,NA,NA,NA,NA
E00148782,E07000189,South Somerset,E12000009,South West,298,1,1b,1b2,0.702504146,0.660480759,0.689210478,0.702504146,1.956111491,2.196947648,1.696682174,1.047799407,1.015248842,1.46780057,1.110110646,0.854631015,0.660480759,0.848474501,NA,NA,NA,NA,NA,NA,NA,NA,NA,NA,NA,NA,NA,NA,NA,NA,NA,NA,NA,NA,NA,NA,NA,NA,NA,NA,NA,0.716059172,0.689210478,0.692155481,NA,NA,NA,NA,NA,NA,NA,NA,NA,NA,NA,NA,NA,NA,NA,NA,NA,NA,NA,NA,NA,NA,NA,NA,NA,NA,NA,NA,NA,NA,NA,NA,NA,NA,NA,NA,NA,NA,NA,NA,NA,NA,NA,NA,NA,NA,NA,NA,NA,NA,NA,NA,NA,NA,NA,NA,NA,NA,NA,NA,NA,NA,NA,NA,NA,NA,NA,NA,NA
E00148783,E07000189,South Somerset,E12000009,South West,339,1,1b,1b2,0.612025827,0.623158403,0.619011204,0.612025827,2.108368217,2.347709795,1.795141841,1.138478942,0.906277136,1.663765362,1.182255498,0.675099063,0.623158403,0.881939971,NA,NA,NA,NA,NA,NA,NA,NA,NA,NA,NA,NA,NA,NA,NA,NA,NA,NA,NA,NA,NA,NA,NA,NA,NA,NA,NA,0.620243868,0.619011204,0.779243906,NA,NA,NA,NA,NA,NA,NA,NA,NA,NA,NA,NA,NA,NA,NA,NA,NA,NA,NA,NA,NA,NA,NA,NA,NA,NA,NA,NA,NA,NA,NA,NA,NA,NA,NA,NA,NA,NA,NA,NA,NA,NA,NA,NA,NA,NA,NA,NA,NA,NA,NA,NA,NA,NA,NA,NA,NA,NA,NA,NA,NA,NA,NA,NA,NA,NA,NA,NA,NA
E00148784,E07000189,South Somerset,E12000009,South West,306,8,8a,8a1,0.733845489,0.694753885,0.698598587,0.910212136,1.892997817,2.004147204,1.49349904,0.97837977,1.071194671,1.18562619,0.733845489,NA,NA,NA,NA,NA,NA,NA,NA,NA,NA,NA,NA,NA,NA,NA,NA,NA,NA,NA,NA,NA,NA,0.694753885,0.85496707,0.72954278,0.924933537,NA,NA,NA,NA,NA,NA,NA,NA,NA,NA,NA,NA,NA,NA,NA,NA,NA,NA,NA,NA,NA,NA,NA,NA,NA,NA,NA,NA,NA,NA,NA,NA,NA,NA,NA,NA,NA,NA,NA,NA,NA,NA,NA,NA,NA,NA,NA,NA,NA,NA,NA,NA,NA,NA,NA,NA,NA,NA,NA,NA,NA,NA,NA,NA,NA,NA,0.698598587,0.752535056,NA,NA,NA,NA,NA,NA,NA,NA
E00148785,E07000189,South Somerset,E12000009,South West,303,1,1b,1b3,0.669789343,0.624087601,0.612353577,0.669789343,1.864380377,2.047949544,1.572895625,0.890422085,0.675566454,1.292777205,0.940376286,0.821131819,0.624087601,0.84584775,NA,NA,NA,NA,NA,NA,NA,NA,NA,NA,NA,NA,NA,NA,NA,NA,NA,NA,NA,NA,NA,NA,NA,NA,NA,NA,NA,0.654163721,0.716160592,0.612353577,NA,NA,NA,NA,NA,NA,NA,NA,NA,NA,NA,NA,NA,NA,NA,NA,NA,NA,NA,NA,NA,NA,NA,NA,NA,NA,NA,NA,NA,NA,NA,NA,NA,NA,NA,NA,NA,NA,NA,NA,NA,NA,NA,NA,NA,NA,NA,NA,NA,NA,NA,NA,NA,NA,NA,NA,NA,NA,NA,NA,NA,NA,NA,NA,NA,NA,NA,NA,NA
E00148786,E07000189,South Somerset,E12000009,South West,224,1,1b,1b3,0.762453013,0.660374641,0.639328044,0.762453013,1.911862586,2.06093706,1.580597593,0.963519876,0.954629263,1.270508519,0.884693636,0.954955794,0.660374641,0.93830554,NA,NA,NA,NA,NA,NA,NA,NA,NA,NA,NA,NA,NA,NA,NA,NA,NA,NA,NA,NA,NA,NA,NA,NA,NA,NA,NA,0.700227257,0.742843901,0.639328044,NA,NA,NA,NA,NA,NA,NA,NA,NA,NA,NA,NA,NA,NA,NA,NA,NA,NA,NA,NA,NA,NA,NA,NA,NA,NA,NA,NA,NA,NA,NA,NA,NA,NA,NA,NA,NA,NA,NA,NA,NA,NA,NA,NA,NA,NA,NA,NA,NA,NA,NA,NA,NA,NA,NA,NA,NA,NA,NA,NA,NA,NA,NA,NA,NA,NA,NA,NA,NA
E00148787,E07000189,South Somerset,E12000009,South West,276,1,1a,1a2,0.516534787,0.48206518,0.458469335,0.516534787,2.127138921,2.361931969,1.829946214,1.185692328,0.852129651,1.703285834,1.236134437,0.48206518,0.60171573,0.829077245,NA,NA,NA,NA,NA,NA,NA,NA,NA,NA,NA,NA,NA,NA,NA,NA,NA,NA,NA,NA,NA,NA,NA,0.619581381,0.458469335,0.527727017,0.665373617,NA,NA,NA,NA,NA,NA,NA,NA,NA,NA,NA,NA,NA,NA,NA,NA,NA,NA,NA,NA,NA,NA,NA,NA,NA,NA,NA,NA,NA,NA,NA,NA,NA,NA,NA,NA,NA,NA,NA,NA,NA,NA,NA,NA,NA,NA,NA,NA,NA,NA,NA,NA,NA,NA,NA,NA,NA,NA,NA,NA,NA,NA,NA,NA,NA,NA,NA,NA,NA,NA,NA,NA
E00148788,E07000189,South Somerset,E12000009,South West,253,1,1a,1a3,0.77525077,0.646840437,0.664588632,0.77525077,2.241193602,2.51829789,2.050349056,1.392682156,1.080181399,1.828472374,1.515586808,0.646840437,0.906299663,0.980817425,NA,NA,NA,NA,NA,NA,NA,NA,NA,NA,NA,NA,NA,NA,NA,NA,NA,NA,NA,NA,NA,NA,NA,0.724336283,0.735277494,0.664588632,0.678964883,NA,NA,NA,NA,NA,NA,NA,NA,NA,NA,NA,NA,NA,NA,NA,NA,NA,NA,NA,NA,NA,NA,NA,NA,NA,NA,NA,NA,NA,NA,NA,NA,NA,NA,NA,NA,NA,NA,NA,NA,NA,NA,NA,NA,NA,NA,NA,NA,NA,NA,NA,NA,NA,NA,NA,NA,NA,NA,NA,NA,NA,NA,NA,NA,NA,NA,NA,NA,NA,NA,NA,NA
E00148789,E07000189,South Somerset,E12000009,South West,249,1,1b,1b1,0.583409475,0.555712927,0.494897192,0.583409475,2.096301807,2.257139801,1.718369109,1.112067306,0.87319236,1.569501986,1.064546826,0.688955118,0.555712927,0.875665408,NA,NA,NA,NA,NA,NA,NA,NA,NA,NA,NA,NA,NA,NA,NA,NA,NA,NA,NA,NA,NA,NA,NA,NA,NA,NA,NA,0.494897192,0.623557969,0.708637647,NA,NA,NA,NA,NA,NA,NA,NA,NA,NA,NA,NA,NA,NA,NA,NA,NA,NA,NA,NA,NA,NA,NA,NA,NA,NA,NA,NA,NA,NA,NA,NA,NA,NA,NA,NA,NA,NA,NA,NA,NA,NA,NA,NA,NA,NA,NA,NA,NA,NA,NA,NA,NA,NA,NA,NA,NA,NA,NA,NA,NA,NA,NA,NA,NA,NA,NA,NA,NA
E00148790,E07000189,South Somerset,E12000009,South West,330,1,1a,1a2,0.657581956,0.692596448,0.566473586,0.657581956,1.967017974,2.267799765,1.75464878,1.013703788,0.711702355,1.656048882,1.259460957,0.692596448,0.698610929,0.877188136,NA,NA,NA,NA,NA,NA,NA,NA,NA,NA,NA,NA,NA,NA,NA,NA,NA,NA,NA,NA,NA,NA,NA,0.924532163,0.566473586,0.76729294,0.698924853,NA,NA,NA,NA,NA,NA,NA,NA,NA,NA,NA,NA,NA,NA,NA,NA,NA,NA,NA,NA,NA,NA,NA,NA,NA,NA,NA,NA,NA,NA,NA,NA,NA,NA,NA,NA,NA,NA,NA,NA,NA,NA,NA,NA,NA,NA,NA,NA,NA,NA,NA,NA,NA,NA,NA,NA,NA,NA,NA,NA,NA,NA,NA,NA,NA,NA,NA,NA,NA,NA,NA,NA
E00148791,E07000189,South Somerset,E12000009,South West,161,1,1a,1a1,0.886581181,0.739898627,0.68768783,0.886581181,2.14333713,2.402261254,2.020511309,1.449982055,1.196256156,1.814838109,1.595866857,0.739898627,1.024954965,1.066224261,NA,NA,NA,NA,NA,NA,NA,NA,NA,NA,NA,NA,NA,NA,NA,NA,NA,NA,NA,NA,NA,NA,NA,0.68768783,0.874159215,0.761558028,0.817599006,NA,NA,NA,NA,NA,NA,NA,NA,NA,NA,NA,NA,NA,NA,NA,NA,NA,NA,NA,NA,NA,NA,NA,NA,NA,NA,NA,NA,NA,NA,NA,NA,NA,NA,NA,NA,NA,NA,NA,NA,NA,NA,NA,NA,NA,NA,NA,NA,NA,NA,NA,NA,NA,NA,NA,NA,NA,NA,NA,NA,NA,NA,NA,NA,NA,NA,NA,NA,NA,NA,NA,NA
E00148792,E07000189,South Somerset,E12000009,South West,347,1,1b,1b3,0.831408905,0.801197972,0.720745593,0.831408905,1.930773726,1.998462532,1.583018536,1.154397902,1.282983854,1.346287046,1.134213895,0.959676772,0.801197972,0.952440475,NA,NA,NA,NA,NA,NA,NA,NA,NA,NA,NA,NA,NA,NA,NA,NA,NA,NA,NA,NA,NA,NA,NA,NA,NA,NA,NA,0.891848068,0.848547622,0.720745593,NA,NA,NA,NA,NA,NA,NA,NA,NA,NA,NA,NA,NA,NA,NA,NA,NA,NA,NA,NA,NA,NA,NA,NA,NA,NA,NA,NA,NA,NA,NA,NA,NA,NA,NA,NA,NA,NA,NA,NA,NA,NA,NA,NA,NA,NA,NA,NA,NA,NA,NA,NA,NA,NA,NA,NA,NA,NA,NA,NA,NA,NA,NA,NA,NA,NA,NA,NA,NA
E00148793,E07000189,South Somerset,E12000009,South West,278,1,1a,1a4,0.66408575,0.671568219,0.631336866,0.66408575,2.073925294,2.342213466,1.806089706,1.117444386,0.754175137,1.647645517,1.217152877,0.671568219,0.715709621,0.908861133,NA,NA,NA,NA,NA,NA,NA,NA,NA,NA,NA,NA,NA,NA,NA,NA,NA,NA,NA,NA,NA,NA,NA,0.787309716,0.661967374,0.781092816,0.631336866,NA,NA,NA,NA,NA,NA,NA,NA,NA,NA,NA,NA,NA,NA,NA,NA,NA,NA,NA,NA,NA,NA,NA,NA,NA,NA,NA,NA,NA,NA,NA,NA,NA,NA,NA,NA,NA,NA,NA,NA,NA,NA,NA,NA,NA,NA,NA,NA,NA,NA,NA,NA,NA,NA,NA,NA,NA,NA,NA,NA,NA,NA,NA,NA,NA,NA,NA,NA,NA,NA,NA,NA
E00148794,E07000189,South Somerset,E12000009,South West,260,1,1b,1b1,0.75262734,0.740708467,0.653190858,0.75262734,2.246222776,2.437417011,1.890031946,1.255986564,0.875698576,1.685225841,1.18063362,0.825132985,0.740708467,0.998471762,NA,NA,NA,NA,NA,NA,NA,NA,NA,NA,NA,NA,NA,NA,NA,NA,NA,NA,NA,NA,NA,NA,NA,NA,NA,NA,NA,0.653190858,0.818483297,0.878602579,NA,NA,NA,NA,NA,NA,NA,NA,NA,NA,NA,NA,NA,NA,NA,NA,NA,NA,NA,NA,NA,NA,NA,NA,NA,NA,NA,NA,NA,NA,NA,NA,NA,NA,NA,NA,NA,NA,NA,NA,NA,NA,NA,NA,NA,NA,NA,NA,NA,NA,NA,NA,NA,NA,NA,NA,NA,NA,NA,NA,NA,NA,NA,NA,NA,NA,NA,NA,NA
E00148795,E07000189,South Somerset,E12000009,South West,274,1,1c,1c2,1.183083128,0.951519684,0.802354683,1.183083128,2.076170663,2.24007055,1.829886887,1.30672229,1.410432562,1.464715608,1.27696868,1.378203098,1.152827336,0.951519684,NA,NA,NA,NA,NA,NA,NA,NA,NA,NA,NA,NA,NA,NA,NA,NA,NA,NA,NA,NA,NA,NA,NA,NA,NA,NA,NA,NA,NA,NA,1.125207902,0.802354683,1.038527512,NA,NA,NA,NA,NA,NA,NA,NA,NA,NA,NA,NA,NA,NA,NA,NA,NA,NA,NA,NA,NA,NA,NA,NA,NA,NA,NA,NA,NA,NA,NA,NA,NA,NA,NA,NA,NA,NA,NA,NA,NA,NA,NA,NA,NA,NA,NA,NA,NA,NA,NA,NA,NA,NA,NA,NA,NA,NA,NA,NA,NA,NA,NA,NA,NA,NA
E00148796,E07000189,South Somerset,E12000009,South West,286,1,1b,1b2,0.506095624,0.515380692,0.522536531,0.506095624,1.937944909,2.136729534,1.653775989,1.030083828,0.979853709,1.441800922,1.086910288,0.604191552,0.515380692,0.771137231,NA,NA,NA,NA,NA,NA,NA,NA,NA,NA,NA,NA,NA,NA,NA,NA,NA,NA,NA,NA,NA,NA,NA,NA,NA,NA,NA,0.620286119,0.522536531,0.536585903,NA,NA,NA,NA,NA,NA,NA,NA,NA,NA,NA,NA,NA,NA,NA,NA,NA,NA,NA,NA,NA,NA,NA,NA,NA,NA,NA,NA,NA,NA,NA,NA,NA,NA,NA,NA,NA,NA,NA,NA,NA,NA,NA,NA,NA,NA,NA,NA,NA,NA,NA,NA,NA,NA,NA,NA,NA,NA,NA,NA,NA,NA,NA,NA,NA,NA,NA,NA,NA
E00148797,E07000189,South Somerset,E12000009,South West,275,1,1a,1a2,0.655056901,0.518852591,0.472603731,0.655056901,2.087621588,2.377312996,1.899335462,1.236251112,0.82729215,1.827261828,1.451177817,0.518852591,0.793625703,0.894970371,NA,NA,NA,NA,NA,NA,NA,NA,NA,NA,NA,NA,NA,NA,NA,NA,NA,NA,NA,NA,NA,NA,NA,0.689410601,0.472603731,0.615417657,0.564740909,NA,NA,NA,NA,NA,NA,NA,NA,NA,NA,NA,NA,NA,NA,NA,NA,NA,NA,NA,NA,NA,NA,NA,NA,NA,NA,NA,NA,NA,NA,NA,NA,NA,NA,NA,NA,NA,NA,NA,NA,NA,NA,NA,NA,NA,NA,NA,NA,NA,NA,NA,NA,NA,NA,NA,NA,NA,NA,NA,NA,NA,NA,NA,NA,NA,NA,NA,NA,NA,NA,NA,NA
E00148798,E07000189,South Somerset,E12000009,South West,372,1,1b,1b2,0.562066487,0.589172428,0.550539268,0.562066487,1.905692846,2.162743808,1.661429401,0.988569135,0.792075394,1.538440215,1.168223456,0.617812025,0.589172428,0.833879515,NA,NA,NA,NA,NA,NA,NA,NA,NA,NA,NA,NA,NA,NA,NA,NA,NA,NA,NA,NA,NA,NA,NA,NA,NA,NA,NA,0.671783138,0.550539268,0.678321848,NA,NA,NA,NA,NA,NA,NA,NA,NA,NA,NA,NA,NA,NA,NA,NA,NA,NA,NA,NA,NA,NA,NA,NA,NA,NA,NA,NA,NA,NA,NA,NA,NA,NA,NA,NA,NA,NA,NA,NA,NA,NA,NA,NA,NA,NA,NA,NA,NA,NA,NA,NA,NA,NA,NA,NA,NA,NA,NA,NA,NA,NA,NA,NA,NA,NA,NA,NA,NA
E00148799,E07000189,South Somerset,E12000009,South West,386,1,1b,1b1,0.65256856,0.515348852,0.492533649,0.65256856,1.943999183,2.098845513,1.57754485,0.940631588,0.90687348,1.301665466,0.802683062,0.862140844,0.515348852,0.907305787,NA,NA,NA,NA,NA,NA,NA,NA,NA,NA,NA,NA,NA,NA,NA,NA,NA,NA,NA,NA,NA,NA,NA,NA,NA,NA,NA,0.492533649,0.627881763,0.577957364,NA,NA,NA,NA,NA,NA,NA,NA,NA,NA,NA,NA,NA,NA,NA,NA,NA,NA,NA,NA,NA,NA,NA,NA,NA,NA,NA,NA,NA,NA,NA,NA,NA,NA,NA,NA,NA,NA,NA,NA,NA,NA,NA,NA,NA,NA,NA,NA,NA,NA,NA,NA,NA,NA,NA,NA,NA,NA,NA,NA,NA,NA,NA,NA,NA,NA,NA,NA,NA
E00148800,E07000189,South Somerset,E12000009,South West,315,1,1a,1a2,0.637565558,0.559689151,0.567556311,0.637565558,2.031347737,2.334807301,1.864030737,1.187304338,0.874595944,1.648629592,1.319988609,0.559689151,0.744843873,0.888799754,NA,NA,NA,NA,NA,NA,NA,NA,NA,NA,NA,NA,NA,NA,NA,NA,NA,NA,NA,NA,NA,NA,NA,0.717497909,0.567556311,0.615503508,0.589711763,NA,NA,NA,NA,NA,NA,NA,NA,NA,NA,NA,NA,NA,NA,NA,NA,NA,NA,NA,NA,NA,NA,NA,NA,NA,NA,NA,NA,NA,NA,NA,NA,NA,NA,NA,NA,NA,NA,NA,NA,NA,NA,NA,NA,NA,NA,NA,NA,NA,NA,NA,NA,NA,NA,NA,NA,NA,NA,NA,NA,NA,NA,NA,NA,NA,NA,NA,NA,NA,NA,NA,NA
E00148801,E07000189,South Somerset,E12000009,South West,321,1,1b,1b3,0.568509701,0.563064085,0.530494119,0.568509701,1.889443491,2.122988294,1.668787565,0.961650737,0.910050744,1.414190903,1.11715235,0.672017349,0.563064085,0.816307183,NA,NA,NA,NA,NA,NA,NA,NA,NA,NA,NA,NA,NA,NA,NA,NA,NA,NA,NA,NA,NA,NA,NA,NA,NA,NA,NA,0.68777361,0.572212442,0.530494119,NA,NA,NA,NA,NA,NA,NA,NA,NA,NA,NA,NA,NA,NA,NA,NA,NA,NA,NA,NA,NA,NA,NA,NA,NA,NA,NA,NA,NA,NA,NA,NA,NA,NA,NA,NA,NA,NA,NA,NA,NA,NA,NA,NA,NA,NA,NA,NA,NA,NA,NA,NA,NA,NA,NA,NA,NA,NA,NA,NA,NA,NA,NA,NA,NA,NA,NA,NA,NA
E00148802,E07000189,South Somerset,E12000009,South West,334,6,6a,6a3,0.526370283,0.546779441,0.576229338,0.675036373,1.923235959,2.142917029,1.627348768,0.971818481,0.526370283,1.554789029,1.134954577,NA,NA,NA,NA,NA,NA,NA,NA,NA,NA,NA,NA,NA,NA,NA,NA,0.546779441,0.59591863,NA,NA,NA,NA,NA,NA,NA,NA,NA,NA,NA,NA,NA,NA,NA,NA,NA,NA,NA,NA,NA,NA,NA,NA,NA,NA,NA,NA,NA,NA,NA,NA,NA,NA,NA,NA,NA,NA,NA,NA,NA,NA,NA,NA,NA,NA,NA,NA,NA,NA,NA,NA,NA,0.80754865,0.582786508,0.576229338,0.666316466,NA,NA,NA,NA,NA,NA,NA,NA,NA,NA,NA,NA,NA,NA,NA,NA,NA,NA,NA,NA,NA,NA,NA,NA,NA,NA,NA
E00148803,E07000189,South Somerset,E12000009,South West,413,1,1c,1c2,0.723703243,0.43223239,0.425211053,0.723703243,2.01394502,2.246599696,1.752171917,1.081922511,0.977552309,1.557313713,1.204732729,0.859186009,0.790750487,0.43223239,NA,NA,NA,NA,NA,NA,NA,NA,NA,NA,NA,NA,NA,NA,NA,NA,NA,NA,NA,NA,NA,NA,NA,NA,NA,NA,NA,NA,NA,NA,0.655945802,0.425211053,0.462094603,NA,NA,NA,NA,NA,NA,NA,NA,NA,NA,NA,NA,NA,NA,NA,NA,NA,NA,NA,NA,NA,NA,NA,NA,NA,NA,NA,NA,NA,NA,NA,NA,NA,NA,NA,NA,NA,NA,NA,NA,NA,NA,NA,NA,NA,NA,NA,NA,NA,NA,NA,NA,NA,NA,NA,NA,NA,NA,NA,NA,NA,NA,NA,NA,NA,NA
E00148804,E07000189,South Somerset,E12000009,South West,303,1,1b,1b3,0.614405206,0.627084641,0.61666081,0.614405206,2.009405417,2.24934747,1.794632626,1.11640066,0.898761334,1.479395346,1.142243437,0.699630064,0.627084641,0.825936946,NA,NA,NA,NA,NA,NA,NA,NA,NA,NA,NA,NA,NA,NA,NA,NA,NA,NA,NA,NA,NA,NA,NA,NA,NA,NA,NA,0.665720367,0.709136556,0.61666081,NA,NA,NA,NA,NA,NA,NA,NA,NA,NA,NA,NA,NA,NA,NA,NA,NA,NA,NA,NA,NA,NA,NA,NA,NA,NA,NA,NA,NA,NA,NA,NA,NA,NA,NA,NA,NA,NA,NA,NA,NA,NA,NA,NA,NA,NA,NA,NA,NA,NA,NA,NA,NA,NA,NA,NA,NA,NA,NA,NA,NA,NA,NA,NA,NA,NA,NA,NA,NA
E00148805,E07000189,South Somerset,E12000009,South West,275,1,1b,1b1,0.664716773,0.657058471,0.650611422,0.664716773,2.176101167,2.360439718,1.853755379,1.24008064,1.01682565,1.623167585,1.186883655,0.744957811,0.657058471,0.919621495,NA,NA,NA,NA,NA,NA,NA,NA,NA,NA,NA,NA,NA,NA,NA,NA,NA,NA,NA,NA,NA,NA,NA,NA,NA,NA,NA,0.650611422,0.719734773,0.731747966,NA,NA,NA,NA,NA,NA,NA,NA,NA,NA,NA,NA,NA,NA,NA,NA,NA,NA,NA,NA,NA,NA,NA,NA,NA,NA,NA,NA,NA,NA,NA,NA,NA,NA,NA,NA,NA,NA,NA,NA,NA,NA,NA,NA,NA,NA,NA,NA,NA,NA,NA,NA,NA,NA,NA,NA,NA,NA,NA,NA,NA,NA,NA,NA,NA,NA,NA,NA,NA
E00148806,E07000189,South Somerset,E12000009,South West,215,1,1a,1a4,0.847151662,0.845259885,0.779389176,0.847151662,2.140404523,2.455936914,1.949016077,1.261635621,0.982931519,1.786995216,1.44629666,0.845259885,0.900183025,1.027907801,NA,NA,NA,NA,NA,NA,NA,NA,NA,NA,NA,NA,NA,NA,NA,NA,NA,NA,NA,NA,NA,NA,NA,1.04983379,0.804237999,0.883795523,0.779389176,NA,NA,NA,NA,NA,NA,NA,NA,NA,NA,NA,NA,NA,NA,NA,NA,NA,NA,NA,NA,NA,NA,NA,NA,NA,NA,NA,NA,NA,NA,NA,NA,NA,NA,NA,NA,NA,NA,NA,NA,NA,NA,NA,NA,NA,NA,NA,NA,NA,NA,NA,NA,NA,NA,NA,NA,NA,NA,NA,NA,NA,NA,NA,NA,NA,NA,NA,NA,NA,NA,NA,NA
E00148807,E07000189,South Somerset,E12000009,South West,264,1,1b,1b1,0.600435824,0.560509463,0.550215716,0.600435824,2.014158791,2.20852564,1.632940699,0.981201288,0.932821844,1.419812081,0.950695514,0.768707296,0.560509463,0.750163245,NA,NA,NA,NA,NA,NA,NA,NA,NA,NA,NA,NA,NA,NA,NA,NA,NA,NA,NA,NA,NA,NA,NA,NA,NA,NA,NA,0.550215716,0.631847912,0.651109297,NA,NA,NA,NA,NA,NA,NA,NA,NA,NA,NA,NA,NA,NA,NA,NA,NA,NA,NA,NA,NA,NA,NA,NA,NA,NA,NA,NA,NA,NA,NA,NA,NA,NA,NA,NA,NA,NA,NA,NA,NA,NA,NA,NA,NA,NA,NA,NA,NA,NA,NA,NA,NA,NA,NA,NA,NA,NA,NA,NA,NA,NA,NA,NA,NA,NA,NA,NA,NA
E00148808,E07000189,South Somerset,E12000009,South West,411,1,1b,1b1,0.743941804,0.626165307,0.607148546,0.743941804,1.917538804,2.002312857,1.487418382,1.025730376,1.086375028,1.262552673,0.820270993,0.926561851,0.626165307,0.995795605,NA,NA,NA,NA,NA,NA,NA,NA,NA,NA,NA,NA,NA,NA,NA,NA,NA,NA,NA,NA,NA,NA,NA,NA,NA,NA,NA,0.607148546,0.742671173,0.648080841,NA,NA,NA,NA,NA,NA,NA,NA,NA,NA,NA,NA,NA,NA,NA,NA,NA,NA,NA,NA,NA,NA,NA,NA,NA,NA,NA,NA,NA,NA,NA,NA,NA,NA,NA,NA,NA,NA,NA,NA,NA,NA,NA,NA,NA,NA,NA,NA,NA,NA,NA,NA,NA,NA,NA,NA,NA,NA,NA,NA,NA,NA,NA,NA,NA,NA,NA,NA,NA
E00148809,E07000189,South Somerset,E12000009,South West,333,1,1a,1a3,0.587770234,0.589602565,0.545543618,0.587770234,1.99626249,2.287333328,1.780679275,1.124506299,0.979308349,1.642856145,1.284855561,0.589602565,0.659444156,0.825584017,NA,NA,NA,NA,NA,NA,NA,NA,NA,NA,NA,NA,NA,NA,NA,NA,NA,NA,NA,NA,NA,NA,NA,0.793947873,0.590633201,0.545543618,0.702562215,NA,NA,NA,NA,NA,NA,NA,NA,NA,NA,NA,NA,NA,NA,NA,NA,NA,NA,NA,NA,NA,NA,NA,NA,NA,NA,NA,NA,NA,NA,NA,NA,NA,NA,NA,NA,NA,NA,NA,NA,NA,NA,NA,NA,NA,NA,NA,NA,NA,NA,NA,NA,NA,NA,NA,NA,NA,NA,NA,NA,NA,NA,NA,NA,NA,NA,NA,NA,NA,NA,NA,NA
E00148810,E07000189,South Somerset,E12000009,South West,246,1,1c,1c3,0.904281337,0.817129301,0.791736893,0.904281337,2.174484456,2.504933243,2.016635204,1.346481145,1.206797927,1.862682604,1.522448548,0.920617807,1.004617065,0.817129301,NA,NA,NA,NA,NA,NA,NA,NA,NA,NA,NA,NA,NA,NA,NA,NA,NA,NA,NA,NA,NA,NA,NA,NA,NA,NA,NA,NA,NA,NA,0.86342173,0.93633056,0.791736893,NA,NA,NA,NA,NA,NA,NA,NA,NA,NA,NA,NA,NA,NA,NA,NA,NA,NA,NA,NA,NA,NA,NA,NA,NA,NA,NA,NA,NA,NA,NA,NA,NA,NA,NA,NA,NA,NA,NA,NA,NA,NA,NA,NA,NA,NA,NA,NA,NA,NA,NA,NA,NA,NA,NA,NA,NA,NA,NA,NA,NA,NA,NA,NA,NA,NA
E00148811,E07000189,South Somerset,E12000009,South West,299,1,1b,1b1,0.759351418,0.731831628,0.670679685,0.759351418,2.170925951,2.298819037,1.799524718,1.246945029,1.026994411,1.515911539,1.085149545,0.854245445,0.731831628,0.992578134,NA,NA,NA,NA,NA,NA,NA,NA,NA,NA,NA,NA,NA,NA,NA,NA,NA,NA,NA,NA,NA,NA,NA,NA,NA,NA,NA,0.670679685,0.857522933,0.7751857,NA,NA,NA,NA,NA,NA,NA,NA,NA,NA,NA,NA,NA,NA,NA,NA,NA,NA,NA,NA,NA,NA,NA,NA,NA,NA,NA,NA,NA,NA,NA,NA,NA,NA,NA,NA,NA,NA,NA,NA,NA,NA,NA,NA,NA,NA,NA,NA,NA,NA,NA,NA,NA,NA,NA,NA,NA,NA,NA,NA,NA,NA,NA,NA,NA,NA,NA,NA,NA
E00148812,E07000189,South Somerset,E12000009,South West,293,1,1b,1b2,0.519938685,0.548208975,0.536400056,0.519938685,2.019735077,2.284671903,1.755714562,1.064182002,0.846018987,1.578536798,1.153091696,0.581630893,0.548208975,0.804572349,NA,NA,NA,NA,NA,NA,NA,NA,NA,NA,NA,NA,NA,NA,NA,NA,NA,NA,NA,NA,NA,NA,NA,NA,NA,NA,NA,0.576738857,0.536400056,0.690906649,NA,NA,NA,NA,NA,NA,NA,NA,NA,NA,NA,NA,NA,NA,NA,NA,NA,NA,NA,NA,NA,NA,NA,NA,NA,NA,NA,NA,NA,NA,NA,NA,NA,NA,NA,NA,NA,NA,NA,NA,NA,NA,NA,NA,NA,NA,NA,NA,NA,NA,NA,NA,NA,NA,NA,NA,NA,NA,NA,NA,NA,NA,NA,NA,NA,NA,NA,NA,NA
E00148813,E07000189,South Somerset,E12000009,South West,304,1,1b,1b1,0.707785944,0.585633936,0.49934781,0.707785944,2.009188913,2.118073053,1.585777098,1.054274849,0.987240258,1.349032856,0.811897207,0.892908386,0.585633936,0.975444202,NA,NA,NA,NA,NA,NA,NA,NA,NA,NA,NA,NA,NA,NA,NA,NA,NA,NA,NA,NA,NA,NA,NA,NA,NA,NA,NA,0.49934781,0.731136882,0.65629702,NA,NA,NA,NA,NA,NA,NA,NA,NA,NA,NA,NA,NA,NA,NA,NA,NA,NA,NA,NA,NA,NA,NA,NA,NA,NA,NA,NA,NA,NA,NA,NA,NA,NA,NA,NA,NA,NA,NA,NA,NA,NA,NA,NA,NA,NA,NA,NA,NA,NA,NA,NA,NA,NA,NA,NA,NA,NA,NA,NA,NA,NA,NA,NA,NA,NA,NA,NA,NA
E00148814,E07000189,South Somerset,E12000009,South West,270,1,1a,1a3,0.595687879,0.520165756,0.519520977,0.595687879,2.021043117,2.257074465,1.802970616,1.16948475,0.951417283,1.620152229,1.321700389,0.520165756,0.709045826,0.844697754,NA,NA,NA,NA,NA,NA,NA,NA,NA,NA,NA,NA,NA,NA,NA,NA,NA,NA,NA,NA,NA,NA,NA,0.640793726,0.609253186,0.519520977,0.590763864,NA,NA,NA,NA,NA,NA,NA,NA,NA,NA,NA,NA,NA,NA,NA,NA,NA,NA,NA,NA,NA,NA,NA,NA,NA,NA,NA,NA,NA,NA,NA,NA,NA,NA,NA,NA,NA,NA,NA,NA,NA,NA,NA,NA,NA,NA,NA,NA,NA,NA,NA,NA,NA,NA,NA,NA,NA,NA,NA,NA,NA,NA,NA,NA,NA,NA,NA,NA,NA,NA,NA,NA
E00148815,E07000189,South Somerset,E12000009,South West,261,1,1b,1b1,0.749966797,0.651656726,0.647868201,0.749966797,1.90546769,2.100334069,1.559782572,0.946634545,0.96052199,1.362099092,0.903468384,0.932882777,0.651656726,0.948207294,NA,NA,NA,NA,NA,NA,NA,NA,NA,NA,NA,NA,NA,NA,NA,NA,NA,NA,NA,NA,NA,NA,NA,NA,NA,NA,NA,0.647868201,0.696023847,0.747437773,NA,NA,NA,NA,NA,NA,NA,NA,NA,NA,NA,NA,NA,NA,NA,NA,NA,NA,NA,NA,NA,NA,NA,NA,NA,NA,NA,NA,NA,NA,NA,NA,NA,NA,NA,NA,NA,NA,NA,NA,NA,NA,NA,NA,NA,NA,NA,NA,NA,NA,NA,NA,NA,NA,NA,NA,NA,NA,NA,NA,NA,NA,NA,NA,NA,NA,NA,NA,NA
E00148816,E07000189,South Somerset,E12000009,South West,298,1,1b,1b1,0.838003229,0.715733772,0.670978848,0.838003229,2.0358891,2.11882126,1.630951159,1.117385512,1.097212637,1.328280758,0.862264428,1.030346864,0.715733772,1.04591861,NA,NA,NA,NA,NA,NA,NA,NA,NA,NA,NA,NA,NA,NA,NA,NA,NA,NA,NA,NA,NA,NA,NA,NA,NA,NA,NA,0.670978848,0.833344734,0.752588756,NA,NA,NA,NA,NA,NA,NA,NA,NA,NA,NA,NA,NA,NA,NA,NA,NA,NA,NA,NA,NA,NA,NA,NA,NA,NA,NA,NA,NA,NA,NA,NA,NA,NA,NA,NA,NA,NA,NA,NA,NA,NA,NA,NA,NA,NA,NA,NA,NA,NA,NA,NA,NA,NA,NA,NA,NA,NA,NA,NA,NA,NA,NA,NA,NA,NA,NA,NA,NA
E00148817,E07000189,South Somerset,E12000009,South West,272,1,1b,1b3,0.765612376,0.676368558,0.662454502,0.765612376,1.678599315,1.88818433,1.435739763,0.801549319,1.07446912,1.19772713,0.913050228,0.988533747,0.676368558,0.8011091,NA,NA,NA,NA,NA,NA,NA,NA,NA,NA,NA,NA,NA,NA,NA,NA,NA,NA,NA,NA,NA,NA,NA,NA,NA,NA,NA,0.775137905,0.684824747,0.662454502,NA,NA,NA,NA,NA,NA,NA,NA,NA,NA,NA,NA,NA,NA,NA,NA,NA,NA,NA,NA,NA,NA,NA,NA,NA,NA,NA,NA,NA,NA,NA,NA,NA,NA,NA,NA,NA,NA,NA,NA,NA,NA,NA,NA,NA,NA,NA,NA,NA,NA,NA,NA,NA,NA,NA,NA,NA,NA,NA,NA,NA,NA,NA,NA,NA,NA,NA,NA,NA
E00148818,E07000189,South Somerset,E12000009,South West,310,1,1b,1b2,0.647610208,0.622741508,0.590310988,0.647610208,1.864429537,2.041233498,1.536963808,0.958823382,0.98944847,1.445541325,1.093652514,0.759486537,0.622741508,0.881992588,NA,NA,NA,NA,NA,NA,NA,NA,NA,NA,NA,NA,NA,NA,NA,NA,NA,NA,NA,NA,NA,NA,NA,NA,NA,NA,NA,0.698825171,0.590310988,0.706989563,NA,NA,NA,NA,NA,NA,NA,NA,NA,NA,NA,NA,NA,NA,NA,NA,NA,NA,NA,NA,NA,NA,NA,NA,NA,NA,NA,NA,NA,NA,NA,NA,NA,NA,NA,NA,NA,NA,NA,NA,NA,NA,NA,NA,NA,NA,NA,NA,NA,NA,NA,NA,NA,NA,NA,NA,NA,NA,NA,NA,NA,NA,NA,NA,NA,NA,NA,NA,NA
E00148819,E07000189,South Somerset,E12000009,South West,270,1,1b,1b2,0.555810867,0.567223376,0.550528918,0.555810867,2.021175412,2.241483151,1.72342441,1.029367867,0.817264128,1.548908518,1.148070384,0.638873894,0.567223376,0.81408616,NA,NA,NA,NA,NA,NA,NA,NA,NA,NA,NA,NA,NA,NA,NA,NA,NA,NA,NA,NA,NA,NA,NA,NA,NA,NA,NA,0.61650206,0.550528918,0.684074779,NA,NA,NA,NA,NA,NA,NA,NA,NA,NA,NA,NA,NA,NA,NA,NA,NA,NA,NA,NA,NA,NA,NA,NA,NA,NA,NA,NA,NA,NA,NA,NA,NA,NA,NA,NA,NA,NA,NA,NA,NA,NA,NA,NA,NA,NA,NA,NA,NA,NA,NA,NA,NA,NA,NA,NA,NA,NA,NA,NA,NA,NA,NA,NA,NA,NA,NA,NA,NA
E00148820,E07000189,South Somerset,E12000009,South West,322,8,8c,8c2,0.756908722,0.73187729,0.724753022,1.125009162,1.940772494,2.016691393,1.558620158,1.107047413,1.286405713,1.092987884,0.756908722,NA,NA,NA,NA,NA,NA,NA,NA,NA,NA,NA,NA,NA,NA,NA,NA,NA,NA,NA,NA,NA,NA,0.776109216,0.873784071,0.73187729,0.914177063,NA,NA,NA,NA,NA,NA,NA,NA,NA,NA,NA,NA,NA,NA,NA,NA,NA,NA,NA,NA,NA,NA,NA,NA,NA,NA,NA,NA,NA,NA,NA,NA,NA,NA,NA,NA,NA,NA,NA,NA,NA,NA,NA,NA,NA,NA,NA,NA,NA,NA,NA,NA,NA,NA,NA,NA,NA,NA,NA,NA,NA,NA,NA,NA,NA,NA,NA,NA,NA,NA,0.782794773,0.724753022,0.770370731,NA,NA,NA
E00148821,E07000189,South Somerset,E12000009,South West,260,1,1b,1b3,0.680060107,0.670880783,0.674561146,0.680060107,1.903257178,2.116363239,1.669727175,1.024753729,0.990350696,1.412346881,1.109151409,0.780155826,0.670880783,0.882093007,NA,NA,NA,NA,NA,NA,NA,NA,NA,NA,NA,NA,NA,NA,NA,NA,NA,NA,NA,NA,NA,NA,NA,NA,NA,NA,NA,0.741204381,0.701591285,0.674561146,NA,NA,NA,NA,NA,NA,NA,NA,NA,NA,NA,NA,NA,NA,NA,NA,NA,NA,NA,NA,NA,NA,NA,NA,NA,NA,NA,NA,NA,NA,NA,NA,NA,NA,NA,NA,NA,NA,NA,NA,NA,NA,NA,NA,NA,NA,NA,NA,NA,NA,NA,NA,NA,NA,NA,NA,NA,NA,NA,NA,NA,NA,NA,NA,NA,NA,NA,NA,NA
E00148822,E07000189,South Somerset,E12000009,South West,384,1,1b,1b1,0.604279388,0.611048226,0.550274661,0.604279388,2.164532636,2.385753976,1.843141334,1.217748022,0.985844973,1.661846687,1.173455261,0.665979594,0.611048226,0.893617647,NA,NA,NA,NA,NA,NA,NA,NA,NA,NA,NA,NA,NA,NA,NA,NA,NA,NA,NA,NA,NA,NA,NA,NA,NA,NA,NA,0.550274661,0.684259674,0.746129137,NA,NA,NA,NA,NA,NA,NA,NA,NA,NA,NA,NA,NA,NA,NA,NA,NA,NA,NA,NA,NA,NA,NA,NA,NA,NA,NA,NA,NA,NA,NA,NA,NA,NA,NA,NA,NA,NA,NA,NA,NA,NA,NA,NA,NA,NA,NA,NA,NA,NA,NA,NA,NA,NA,NA,NA,NA,NA,NA,NA,NA,NA,NA,NA,NA,NA,NA,NA,NA
E00148823,E07000189,South Somerset,E12000009,South West,127,1,1b,1b1,0.806422243,0.810800074,0.749324872,0.806422243,2.260523201,2.503861452,1.924775852,1.289077593,0.906030636,1.753910163,1.238899687,0.853550643,0.810800074,1.043398618,NA,NA,NA,NA,NA,NA,NA,NA,NA,NA,NA,NA,NA,NA,NA,NA,NA,NA,NA,NA,NA,NA,NA,NA,NA,NA,NA,0.749324872,0.859728301,0.946214698,NA,NA,NA,NA,NA,NA,NA,NA,NA,NA,NA,NA,NA,NA,NA,NA,NA,NA,NA,NA,NA,NA,NA,NA,NA,NA,NA,NA,NA,NA,NA,NA,NA,NA,NA,NA,NA,NA,NA,NA,NA,NA,NA,NA,NA,NA,NA,NA,NA,NA,NA,NA,NA,NA,NA,NA,NA,NA,NA,NA,NA,NA,NA,NA,NA,NA,NA,NA,NA
E00148824,E07000189,South Somerset,E12000009,South West,237,1,1b,1b3,0.763765426,0.646109587,0.649088885,0.763765426,1.83899835,2.035113952,1.541620654,0.91871672,1.057295508,1.262056585,0.909320259,0.976008423,0.646109587,0.922196119,NA,NA,NA,NA,NA,NA,NA,NA,NA,NA,NA,NA,NA,NA,NA,NA,NA,NA,NA,NA,NA,NA,NA,NA,NA,NA,NA,0.704806435,0.694514486,0.649088885,NA,NA,NA,NA,NA,NA,NA,NA,NA,NA,NA,NA,NA,NA,NA,NA,NA,NA,NA,NA,NA,NA,NA,NA,NA,NA,NA,NA,NA,NA,NA,NA,NA,NA,NA,NA,NA,NA,NA,NA,NA,NA,NA,NA,NA,NA,NA,NA,NA,NA,NA,NA,NA,NA,NA,NA,NA,NA,NA,NA,NA,NA,NA,NA,NA,NA,NA,NA,NA
E00148825,E07000189,South Somerset,E12000009,South West,265,1,1b,1b1,0.656028389,0.637806103,0.61290917,0.656028389,2.081466774,2.250831537,1.744664771,1.17361618,0.943331375,1.522635976,1.076317524,0.744318107,0.637806103,0.925510179,NA,NA,NA,NA,NA,NA,NA,NA,NA,NA,NA,NA,NA,NA,NA,NA,NA,NA,NA,NA,NA,NA,NA,NA,NA,NA,NA,0.61290917,0.737401639,0.689973324,NA,NA,NA,NA,NA,NA,NA,NA,NA,NA,NA,NA,NA,NA,NA,NA,NA,NA,NA,NA,NA,NA,NA,NA,NA,NA,NA,NA,NA,NA,NA,NA,NA,NA,NA,NA,NA,NA,NA,NA,NA,NA,NA,NA,NA,NA,NA,NA,NA,NA,NA,NA,NA,NA,NA,NA,NA,NA,NA,NA,NA,NA,NA,NA,NA,NA,NA,NA,NA
E00148826,E07000189,South Somerset,E12000009,South West,226,6,6b,6b2,0.745305128,0.737871266,0.631908453,0.890869707,2.034938047,2.334852813,1.753712743,1.024725352,0.745305128,1.682783168,1.228217536,NA,NA,NA,NA,NA,NA,NA,NA,NA,NA,NA,NA,NA,NA,NA,NA,0.83610261,0.737871266,NA,NA,NA,NA,NA,NA,NA,NA,NA,NA,NA,NA,NA,NA,NA,NA,NA,NA,NA,NA,NA,NA,NA,NA,NA,NA,NA,NA,NA,NA,NA,NA,NA,NA,NA,NA,NA,NA,NA,NA,NA,NA,NA,NA,NA,NA,NA,NA,NA,NA,NA,NA,NA,NA,NA,NA,NA,0.970649469,0.631908453,0.868757332,0.813811577,NA,NA,NA,NA,NA,NA,NA,NA,NA,NA,NA,NA,NA,NA,NA,NA,NA,NA,NA,NA,NA,NA,NA
E00148827,E07000189,South Somerset,E12000009,South West,317,1,1b,1b1,0.664208629,0.627536515,0.641180243,0.664208629,1.947117038,2.205842558,1.67045948,0.942986038,0.762260933,1.43729711,1.014859821,0.80940532,0.627536515,0.834131679,NA,NA,NA,NA,NA,NA,NA,NA,NA,NA,NA,NA,NA,NA,NA,NA,NA,NA,NA,NA,NA,NA,NA,NA,NA,NA,NA,0.641180243,0.670586522,0.707440914,NA,NA,NA,NA,NA,NA,NA,NA,NA,NA,NA,NA,NA,NA,NA,NA,NA,NA,NA,NA,NA,NA,NA,NA,NA,NA,NA,NA,NA,NA,NA,NA,NA,NA,NA,NA,NA,NA,NA,NA,NA,NA,NA,NA,NA,NA,NA,NA,NA,NA,NA,NA,NA,NA,NA,NA,NA,NA,NA,NA,NA,NA,NA,NA,NA,NA,NA,NA,NA
E00148828,E07000189,South Somerset,E12000009,South West,263,1,1b,1b1,0.792004522,0.676251816,0.655014401,0.792004522,1.943283465,2.075690596,1.553757818,0.946432518,0.91594534,1.277884062,0.833724534,0.979138816,0.676251816,1.010855834,NA,NA,NA,NA,NA,NA,NA,NA,NA,NA,NA,NA,NA,NA,NA,NA,NA,NA,NA,NA,NA,NA,NA,NA,NA,NA,NA,0.655014401,0.785098816,0.702034579,NA,NA,NA,NA,NA,NA,NA,NA,NA,NA,NA,NA,NA,NA,NA,NA,NA,NA,NA,NA,NA,NA,NA,NA,NA,NA,NA,NA,NA,NA,NA,NA,NA,NA,NA,NA,NA,NA,NA,NA,NA,NA,NA,NA,NA,NA,NA,NA,NA,NA,NA,NA,NA,NA,NA,NA,NA,NA,NA,NA,NA,NA,NA,NA,NA,NA,NA,NA,NA
E00148829,E07000189,South Somerset,E12000009,South West,374,8,8a,8a1,0.830156046,0.695850174,0.708070894,0.963169242,2.013546477,2.030653456,1.511304533,1.116828519,1.044815251,1.350065318,0.830156046,NA,NA,NA,NA,NA,NA,NA,NA,NA,NA,NA,NA,NA,NA,NA,NA,NA,NA,NA,NA,NA,NA,0.695850174,0.976407478,0.917839961,0.954855545,NA,NA,NA,NA,NA,NA,NA,NA,NA,NA,NA,NA,NA,NA,NA,NA,NA,NA,NA,NA,NA,NA,NA,NA,NA,NA,NA,NA,NA,NA,NA,NA,NA,NA,NA,NA,NA,NA,NA,NA,NA,NA,NA,NA,NA,NA,NA,NA,NA,NA,NA,NA,NA,NA,NA,NA,NA,NA,NA,NA,NA,NA,NA,NA,NA,NA,0.708070894,0.743434652,NA,NA,NA,NA,NA,NA,NA,NA
E00148830,E07000189,South Somerset,E12000009,South West,400,8,8a,8a1,0.621625271,0.599389443,0.597051857,0.876937026,1.852550567,1.923431205,1.435323482,0.921932307,1.05521097,1.087251179,0.621625271,NA,NA,NA,NA,NA,NA,NA,NA,NA,NA,NA,NA,NA,NA,NA,NA,NA,NA,NA,NA,NA,NA,0.599389443,0.759291093,0.613034249,0.824122466,NA,NA,NA,NA,NA,NA,NA,NA,NA,NA,NA,NA,NA,NA,NA,NA,NA,NA,NA,NA,NA,NA,NA,NA,NA,NA,NA,NA,NA,NA,NA,NA,NA,NA,NA,NA,NA,NA,NA,NA,NA,NA,NA,NA,NA,NA,NA,NA,NA,NA,NA,NA,NA,NA,NA,NA,NA,NA,NA,NA,NA,NA,NA,NA,NA,NA,0.597051857,0.673316056,NA,NA,NA,NA,NA,NA,NA,NA
E00148831,E07000189,South Somerset,E12000009,South West,333,1,1b,1b1,0.856014879,0.742564389,0.637334863,0.856014879,2.099057653,2.177471212,1.65189389,1.168361078,1.094248972,1.383576337,0.858252808,1.039754951,0.742564389,1.059625205,NA,NA,NA,NA,NA,NA,NA,NA,NA,NA,NA,NA,NA,NA,NA,NA,NA,NA,NA,NA,NA,NA,NA,NA,NA,NA,NA,0.637334863,0.884433115,0.813809565,NA,NA,NA,NA,NA,NA,NA,NA,NA,NA,NA,NA,NA,NA,NA,NA,NA,NA,NA,NA,NA,NA,NA,NA,NA,NA,NA,NA,NA,NA,NA,NA,NA,NA,NA,NA,NA,NA,NA,NA,NA,NA,NA,NA,NA,NA,NA,NA,NA,NA,NA,NA,NA,NA,NA,NA,NA,NA,NA,NA,NA,NA,NA,NA,NA,NA,NA,NA,NA
E00148832,E07000189,South Somerset,E12000009,South West,248,6,6b,6b4,0.850113475,0.870228841,0.840134712,0.923767449,2.043037914,2.359259567,1.843658119,1.080545111,0.850113475,1.642090843,1.313724248,NA,NA,NA,NA,NA,NA,NA,NA,NA,NA,NA,NA,NA,NA,NA,NA,0.896630822,0.870228841,NA,NA,NA,NA,NA,NA,NA,NA,NA,NA,NA,NA,NA,NA,NA,NA,NA,NA,NA,NA,NA,NA,NA,NA,NA,NA,NA,NA,NA,NA,NA,NA,NA,NA,NA,NA,NA,NA,NA,NA,NA,NA,NA,NA,NA,NA,NA,NA,NA,NA,NA,NA,NA,NA,NA,NA,NA,1.134406672,0.844888925,0.951351354,0.840134712,NA,NA,NA,NA,NA,NA,NA,NA,NA,NA,NA,NA,NA,NA,NA,NA,NA,NA,NA,NA,NA,NA,NA
E00148833,E07000189,South Somerset,E12000009,South West,235,6,6b,6b2,0.869807185,0.840438751,0.786949498,0.88094806,2.111178827,2.420577758,1.850799131,1.159497375,0.869807185,1.742193709,1.288185485,NA,NA,NA,NA,NA,NA,NA,NA,NA,NA,NA,NA,NA,NA,NA,NA,0.97657734,0.840438751,NA,NA,NA,NA,NA,NA,NA,NA,NA,NA,NA,NA,NA,NA,NA,NA,NA,NA,NA,NA,NA,NA,NA,NA,NA,NA,NA,NA,NA,NA,NA,NA,NA,NA,NA,NA,NA,NA,NA,NA,NA,NA,NA,NA,NA,NA,NA,NA,NA,NA,NA,NA,NA,NA,NA,NA,NA,1.077622792,0.786949498,0.897763953,0.921120772,NA,NA,NA,NA,NA,NA,NA,NA,NA,NA,NA,NA,NA,NA,NA,NA,NA,NA,NA,NA,NA,NA,NA
E00148834,E07000189,South Somerset,E12000009,South West,299,5,5b,5b2,0.947308248,0.818579065,0.626734097,1.129662506,1.712641115,1.955737969,1.596791744,0.947308248,1.249037811,1.195159107,1.114439901,NA,NA,NA,NA,NA,NA,NA,NA,NA,NA,NA,NA,NA,NA,1.091863827,0.818579065,NA,NA,NA,NA,NA,NA,NA,NA,NA,NA,NA,NA,NA,NA,NA,NA,NA,NA,NA,NA,NA,NA,NA,NA,NA,NA,NA,NA,NA,NA,NA,NA,NA,NA,NA,NA,NA,NA,NA,NA,NA,NA,NA,NA,NA,NA,NA,NA,NA,NA,NA,NA,1.09123993,0.626734097,0.857122252,NA,NA,NA,NA,NA,NA,NA,NA,NA,NA,NA,NA,NA,NA,NA,NA,NA,NA,NA,NA,NA,NA,NA,NA,NA,NA,NA,NA,NA,NA,NA
E00148835,E07000189,South Somerset,E12000009,South West,320,1,1b,1b3,0.651408868,0.535486932,0.534679518,0.651408868,1.790752265,1.937922839,1.416653081,0.81511382,0.9839309,1.186758518,0.790792316,0.864126953,0.535486932,0.846935212,NA,NA,NA,NA,NA,NA,NA,NA,NA,NA,NA,NA,NA,NA,NA,NA,NA,NA,NA,NA,NA,NA,NA,NA,NA,NA,NA,0.59899023,0.602593882,0.534679518,NA,NA,NA,NA,NA,NA,NA,NA,NA,NA,NA,NA,NA,NA,NA,NA,NA,NA,NA,NA,NA,NA,NA,NA,NA,NA,NA,NA,NA,NA,NA,NA,NA,NA,NA,NA,NA,NA,NA,NA,NA,NA,NA,NA,NA,NA,NA,NA,NA,NA,NA,NA,NA,NA,NA,NA,NA,NA,NA,NA,NA,NA,NA,NA,NA,NA,NA,NA,NA
E00148836,E07000189,South Somerset,E12000009,South West,275,1,1b,1b3,0.618846754,0.620732398,0.606423336,0.618846754,1.958035365,2.179469336,1.712828612,1.019086617,0.986150076,1.43700152,1.148425887,0.725303894,0.620732398,0.805731536,NA,NA,NA,NA,NA,NA,NA,NA,NA,NA,NA,NA,NA,NA,NA,NA,NA,NA,NA,NA,NA,NA,NA,NA,NA,NA,NA,0.733864563,0.620635184,0.606423336,NA,NA,NA,NA,NA,NA,NA,NA,NA,NA,NA,NA,NA,NA,NA,NA,NA,NA,NA,NA,NA,NA,NA,NA,NA,NA,NA,NA,NA,NA,NA,NA,NA,NA,NA,NA,NA,NA,NA,NA,NA,NA,NA,NA,NA,NA,NA,NA,NA,NA,NA,NA,NA,NA,NA,NA,NA,NA,NA,NA,NA,NA,NA,NA,NA,NA,NA,NA,NA
E00148837,E07000189,South Somerset,E12000009,South West,303,1,1b,1b2,0.483129438,0.51482346,0.509423054,0.483129438,1.915224748,2.117598285,1.643554877,1.005652407,0.891233086,1.478266368,1.103237341,0.566956224,0.51482346,0.738695401,NA,NA,NA,NA,NA,NA,NA,NA,NA,NA,NA,NA,NA,NA,NA,NA,NA,NA,NA,NA,NA,NA,NA,NA,NA,NA,NA,0.59080149,0.509423054,0.596758218,NA,NA,NA,NA,NA,NA,NA,NA,NA,NA,NA,NA,NA,NA,NA,NA,NA,NA,NA,NA,NA,NA,NA,NA,NA,NA,NA,NA,NA,NA,NA,NA,NA,NA,NA,NA,NA,NA,NA,NA,NA,NA,NA,NA,NA,NA,NA,NA,NA,NA,NA,NA,NA,NA,NA,NA,NA,NA,NA,NA,NA,NA,NA,NA,NA,NA,NA,NA,NA
E00148838,E07000189,South Somerset,E12000009,South West,317,1,1b,1b1,0.526197629,0.501592112,0.479942994,0.526197629,1.984894515,2.156545149,1.628600535,0.9727034,0.652524318,1.407431918,0.946737895,0.643194875,0.501592112,0.819190011,NA,NA,NA,NA,NA,NA,NA,NA,NA,NA,NA,NA,NA,NA,NA,NA,NA,NA,NA,NA,NA,NA,NA,NA,NA,NA,NA,0.479942994,0.597981042,0.589726138,NA,NA,NA,NA,NA,NA,NA,NA,NA,NA,NA,NA,NA,NA,NA,NA,NA,NA,NA,NA,NA,NA,NA,NA,NA,NA,NA,NA,NA,NA,NA,NA,NA,NA,NA,NA,NA,NA,NA,NA,NA,NA,NA,NA,NA,NA,NA,NA,NA,NA,NA,NA,NA,NA,NA,NA,NA,NA,NA,NA,NA,NA,NA,NA,NA,NA,NA,NA,NA
E00148839,E07000189,South Somerset,E12000009,South West,402,1,1b,1b3,0.645632548,0.624934401,0.644539297,0.645632548,1.934903431,2.126455024,1.59222698,1.014028845,1.012166056,1.384310872,0.972504822,0.778602017,0.624934401,0.812591375,NA,NA,NA,NA,NA,NA,NA,NA,NA,NA,NA,NA,NA,NA,NA,NA,NA,NA,NA,NA,NA,NA,NA,NA,NA,NA,NA,0.651338477,0.69976052,0.644539297,NA,NA,NA,NA,NA,NA,NA,NA,NA,NA,NA,NA,NA,NA,NA,NA,NA,NA,NA,NA,NA,NA,NA,NA,NA,NA,NA,NA,NA,NA,NA,NA,NA,NA,NA,NA,NA,NA,NA,NA,NA,NA,NA,NA,NA,NA,NA,NA,NA,NA,NA,NA,NA,NA,NA,NA,NA,NA,NA,NA,NA,NA,NA,NA,NA,NA,NA,NA,NA
E00148840,E07000189,South Somerset,E12000009,South West,329,1,1a,1a3,0.623167669,0.643308449,0.607803734,0.623167669,2.007923533,2.26193777,1.743480044,1.111578116,0.969620972,1.555527701,1.223905867,0.643308449,0.683250669,0.836008353,NA,NA,NA,NA,NA,NA,NA,NA,NA,NA,NA,NA,NA,NA,NA,NA,NA,NA,NA,NA,NA,NA,NA,0.832599961,0.656016797,0.607803734,0.724140196,NA,NA,NA,NA,NA,NA,NA,NA,NA,NA,NA,NA,NA,NA,NA,NA,NA,NA,NA,NA,NA,NA,NA,NA,NA,NA,NA,NA,NA,NA,NA,NA,NA,NA,NA,NA,NA,NA,NA,NA,NA,NA,NA,NA,NA,NA,NA,NA,NA,NA,NA,NA,NA,NA,NA,NA,NA,NA,NA,NA,NA,NA,NA,NA,NA,NA,NA,NA,NA,NA,NA,NA
E00148841,E07000189,South Somerset,E12000009,South West,297,1,1a,1a2,0.84906942,0.819611831,0.803581832,0.84906942,2.250402903,2.502052022,1.929044159,1.311540707,0.923754901,1.801201801,1.346012976,0.819611831,0.91560065,1.047410646,NA,NA,NA,NA,NA,NA,NA,NA,NA,NA,NA,NA,NA,NA,NA,NA,NA,NA,NA,NA,NA,NA,NA,0.939501039,0.803581832,0.890977085,0.806935701,NA,NA,NA,NA,NA,NA,NA,NA,NA,NA,NA,NA,NA,NA,NA,NA,NA,NA,NA,NA,NA,NA,NA,NA,NA,NA,NA,NA,NA,NA,NA,NA,NA,NA,NA,NA,NA,NA,NA,NA,NA,NA,NA,NA,NA,NA,NA,NA,NA,NA,NA,NA,NA,NA,NA,NA,NA,NA,NA,NA,NA,NA,NA,NA,NA,NA,NA,NA,NA,NA,NA,NA
E00148842,E07000189,South Somerset,E12000009,South West,264,8,8c,8c2,0.688211939,0.604887133,0.61898806,1.004129798,1.744257445,1.848495363,1.428766432,0.917243406,1.197816242,0.960518015,0.688211939,NA,NA,NA,NA,NA,NA,NA,NA,NA,NA,NA,NA,NA,NA,NA,NA,NA,NA,NA,NA,NA,NA,0.772139083,0.812165981,0.604887133,0.851155597,NA,NA,NA,NA,NA,NA,NA,NA,NA,NA,NA,NA,NA,NA,NA,NA,NA,NA,NA,NA,NA,NA,NA,NA,NA,NA,NA,NA,NA,NA,NA,NA,NA,NA,NA,NA,NA,NA,NA,NA,NA,NA,NA,NA,NA,NA,NA,NA,NA,NA,NA,NA,NA,NA,NA,NA,NA,NA,NA,NA,NA,NA,NA,NA,NA,NA,NA,NA,NA,NA,0.629195081,0.61898806,0.682714128,NA,NA,NA
E00148843,E07000189,South Somerset,E12000009,South West,335,1,1b,1b1,0.905056556,0.867663072,0.753383164,0.905056556,2.183268366,2.289818925,1.758754258,1.26119692,0.990224683,1.454188006,0.958839559,1.007015346,0.867663072,1.097566456,NA,NA,NA,NA,NA,NA,NA,NA,NA,NA,NA,NA,NA,NA,NA,NA,NA,NA,NA,NA,NA,NA,NA,NA,NA,NA,NA,0.753383164,1.036223432,0.895523021,NA,NA,NA,NA,NA,NA,NA,NA,NA,NA,NA,NA,NA,NA,NA,NA,NA,NA,NA,NA,NA,NA,NA,NA,NA,NA,NA,NA,NA,NA,NA,NA,NA,NA,NA,NA,NA,NA,NA,NA,NA,NA,NA,NA,NA,NA,NA,NA,NA,NA,NA,NA,NA,NA,NA,NA,NA,NA,NA,NA,NA,NA,NA,NA,NA,NA,NA,NA,NA
E00148844,E07000189,South Somerset,E12000009,South West,401,1,1a,1a3,0.502809289,0.502953066,0.503046179,0.502809289,2.050100096,2.285583043,1.751645349,1.103870535,0.897105931,1.584673504,1.181751054,0.502953066,0.578483756,0.790468245,NA,NA,NA,NA,NA,NA,NA,NA,NA,NA,NA,NA,NA,NA,NA,NA,NA,NA,NA,NA,NA,NA,NA,0.684910644,0.522690238,0.503046179,0.607197466,NA,NA,NA,NA,NA,NA,NA,NA,NA,NA,NA,NA,NA,NA,NA,NA,NA,NA,NA,NA,NA,NA,NA,NA,NA,NA,NA,NA,NA,NA,NA,NA,NA,NA,NA,NA,NA,NA,NA,NA,NA,NA,NA,NA,NA,NA,NA,NA,NA,NA,NA,NA,NA,NA,NA,NA,NA,NA,NA,NA,NA,NA,NA,NA,NA,NA,NA,NA,NA,NA,NA,NA
E00148845,E07000189,South Somerset,E12000009,South West,315,1,1b,1b2,0.551262012,0.601973031,0.637827269,0.551262012,2.027613114,2.230163188,1.715464062,1.057428438,0.853720562,1.507772793,1.150943831,0.60460779,0.601973031,0.766383863,NA,NA,NA,NA,NA,NA,NA,NA,NA,NA,NA,NA,NA,NA,NA,NA,NA,NA,NA,NA,NA,NA,NA,NA,NA,NA,NA,0.655863958,0.637827269,0.64062515,NA,NA,NA,NA,NA,NA,NA,NA,NA,NA,NA,NA,NA,NA,NA,NA,NA,NA,NA,NA,NA,NA,NA,NA,NA,NA,NA,NA,NA,NA,NA,NA,NA,NA,NA,NA,NA,NA,NA,NA,NA,NA,NA,NA,NA,NA,NA,NA,NA,NA,NA,NA,NA,NA,NA,NA,NA,NA,NA,NA,NA,NA,NA,NA,NA,NA,NA,NA,NA
E00148846,E07000189,South Somerset,E12000009,South West,104,1,1c,1c1,1.093734178,1.037918592,1.070511618,1.093734178,2.024382372,2.278651764,1.879339505,1.26056978,1.318182537,1.590258369,1.43558644,1.196835388,1.107551964,1.037918592,NA,NA,NA,NA,NA,NA,NA,NA,NA,NA,NA,NA,NA,NA,NA,NA,NA,NA,NA,NA,NA,NA,NA,NA,NA,NA,NA,NA,NA,NA,1.070511618,1.075447728,1.08060225,NA,NA,NA,NA,NA,NA,NA,NA,NA,NA,NA,NA,NA,NA,NA,NA,NA,NA,NA,NA,NA,NA,NA,NA,NA,NA,NA,NA,NA,NA,NA,NA,NA,NA,NA,NA,NA,NA,NA,NA,NA,NA,NA,NA,NA,NA,NA,NA,NA,NA,NA,NA,NA,NA,NA,NA,NA,NA,NA,NA,NA,NA,NA,NA,NA,NA
E00148847,E07000189,South Somerset,E12000009,South West,441,1,1a,1a3,0.540103202,0.519964192,0.437024168,0.540103202,2.005844716,2.253278816,1.768242582,1.136924608,0.991976207,1.58427538,1.236035092,0.519964192,0.617849393,0.833370458,NA,NA,NA,NA,NA,NA,NA,NA,NA,NA,NA,NA,NA,NA,NA,NA,NA,NA,NA,NA,NA,NA,NA,0.669684997,0.565877758,0.437024168,0.735026483,NA,NA,NA,NA,NA,NA,NA,NA,NA,NA,NA,NA,NA,NA,NA,NA,NA,NA,NA,NA,NA,NA,NA,NA,NA,NA,NA,NA,NA,NA,NA,NA,NA,NA,NA,NA,NA,NA,NA,NA,NA,NA,NA,NA,NA,NA,NA,NA,NA,NA,NA,NA,NA,NA,NA,NA,NA,NA,NA,NA,NA,NA,NA,NA,NA,NA,NA,NA,NA,NA,NA,NA
E00148848,E07000189,South Somerset,E12000009,South West,398,1,1a,1a3,0.527793986,0.49706661,0.497148512,0.527793986,1.903593419,2.157130561,1.709451309,1.076031123,0.873809594,1.584710904,1.256909983,0.49706661,0.617745693,0.812179284,NA,NA,NA,NA,NA,NA,NA,NA,NA,NA,NA,NA,NA,NA,NA,NA,NA,NA,NA,NA,NA,NA,NA,0.66410555,0.501163105,0.497148512,0.654816368,NA,NA,NA,NA,NA,NA,NA,NA,NA,NA,NA,NA,NA,NA,NA,NA,NA,NA,NA,NA,NA,NA,NA,NA,NA,NA,NA,NA,NA,NA,NA,NA,NA,NA,NA,NA,NA,NA,NA,NA,NA,NA,NA,NA,NA,NA,NA,NA,NA,NA,NA,NA,NA,NA,NA,NA,NA,NA,NA,NA,NA,NA,NA,NA,NA,NA,NA,NA,NA,NA,NA,NA
E00148849,E07000189,South Somerset,E12000009,South West,173,1,1a,1a3,0.708827106,0.692904842,0.697358968,0.708827106,2.128618674,2.272717757,1.820818619,1.297929825,1.030338114,1.640844488,1.242153782,0.692904842,0.754974465,0.998573832,NA,NA,NA,NA,NA,NA,NA,NA,NA,NA,NA,NA,NA,NA,NA,NA,NA,NA,NA,NA,NA,NA,NA,0.731555957,0.743752905,0.697358968,0.855020277,NA,NA,NA,NA,NA,NA,NA,NA,NA,NA,NA,NA,NA,NA,NA,NA,NA,NA,NA,NA,NA,NA,NA,NA,NA,NA,NA,NA,NA,NA,NA,NA,NA,NA,NA,NA,NA,NA,NA,NA,NA,NA,NA,NA,NA,NA,NA,NA,NA,NA,NA,NA,NA,NA,NA,NA,NA,NA,NA,NA,NA,NA,NA,NA,NA,NA,NA,NA,NA,NA,NA,NA
E00148850,E07000189,South Somerset,E12000009,South West,273,1,1a,1a3,0.630256497,0.6147837,0.567881848,0.630256497,2.013696801,2.267197067,1.845970831,1.202578252,1.01851366,1.644355283,1.33484179,0.6147837,0.699987194,0.884903877,NA,NA,NA,NA,NA,NA,NA,NA,NA,NA,NA,NA,NA,NA,NA,NA,NA,NA,NA,NA,NA,NA,NA,0.79328853,0.648521792,0.567881848,0.708732231,NA,NA,NA,NA,NA,NA,NA,NA,NA,NA,NA,NA,NA,NA,NA,NA,NA,NA,NA,NA,NA,NA,NA,NA,NA,NA,NA,NA,NA,NA,NA,NA,NA,NA,NA,NA,NA,NA,NA,NA,NA,NA,NA,NA,NA,NA,NA,NA,NA,NA,NA,NA,NA,NA,NA,NA,NA,NA,NA,NA,NA,NA,NA,NA,NA,NA,NA,NA,NA,NA,NA,NA
E00148851,E07000189,South Somerset,E12000009,South West,391,1,1c,1c1,1.186676205,0.986233925,0.8477413,1.186676205,1.835198244,2.113724917,1.743357622,1.321543951,1.384516575,1.779196021,1.583760904,1.263669497,1.246510528,0.986233925,NA,NA,NA,NA,NA,NA,NA,NA,NA,NA,NA,NA,NA,NA,NA,NA,NA,NA,NA,NA,NA,NA,NA,NA,NA,NA,NA,NA,NA,NA,0.8477413,1.110920488,1.075798699,NA,NA,NA,NA,NA,NA,NA,NA,NA,NA,NA,NA,NA,NA,NA,NA,NA,NA,NA,NA,NA,NA,NA,NA,NA,NA,NA,NA,NA,NA,NA,NA,NA,NA,NA,NA,NA,NA,NA,NA,NA,NA,NA,NA,NA,NA,NA,NA,NA,NA,NA,NA,NA,NA,NA,NA,NA,NA,NA,NA,NA,NA,NA,NA,NA,NA
E00148852,E07000189,South Somerset,E12000009,South West,141,1,1a,1a3,0.868126071,0.851855042,0.849270658,0.868126071,1.931173391,2.215271594,1.832587186,1.2445561,1.110583895,1.633268385,1.389146642,0.851855042,0.919811849,1.080057976,NA,NA,NA,NA,NA,NA,NA,NA,NA,NA,NA,NA,NA,NA,NA,NA,NA,NA,NA,NA,NA,NA,NA,0.926996989,0.883781243,0.849270658,0.953621541,NA,NA,NA,NA,NA,NA,NA,NA,NA,NA,NA,NA,NA,NA,NA,NA,NA,NA,NA,NA,NA,NA,NA,NA,NA,NA,NA,NA,NA,NA,NA,NA,NA,NA,NA,NA,NA,NA,NA,NA,NA,NA,NA,NA,NA,NA,NA,NA,NA,NA,NA,NA,NA,NA,NA,NA,NA,NA,NA,NA,NA,NA,NA,NA,NA,NA,NA,NA,NA,NA,NA,NA
E00148853,E07000189,South Somerset,E12000009,South West,208,1,1a,1a3,0.8810347,0.828611113,0.810529499,0.8810347,1.855256899,2.10427718,1.756767112,1.250398449,1.139865517,1.654438232,1.445247005,0.828611113,0.964472802,1.06138818,NA,NA,NA,NA,NA,NA,NA,NA,NA,NA,NA,NA,NA,NA,NA,NA,NA,NA,NA,NA,NA,NA,NA,0.856505636,0.906440085,0.810529499,0.947633115,NA,NA,NA,NA,NA,NA,NA,NA,NA,NA,NA,NA,NA,NA,NA,NA,NA,NA,NA,NA,NA,NA,NA,NA,NA,NA,NA,NA,NA,NA,NA,NA,NA,NA,NA,NA,NA,NA,NA,NA,NA,NA,NA,NA,NA,NA,NA,NA,NA,NA,NA,NA,NA,NA,NA,NA,NA,NA,NA,NA,NA,NA,NA,NA,NA,NA,NA,NA,NA,NA,NA,NA
E00148854,E07000189,South Somerset,E12000009,South West,163,6,6b,6b4,0.854379317,0.859489006,0.830930536,0.870922307,1.844898569,2.153503234,1.639672239,0.969508166,0.854379317,1.555301591,1.234303806,NA,NA,NA,NA,NA,NA,NA,NA,NA,NA,NA,NA,NA,NA,NA,NA,0.920069214,0.859489006,NA,NA,NA,NA,NA,NA,NA,NA,NA,NA,NA,NA,NA,NA,NA,NA,NA,NA,NA,NA,NA,NA,NA,NA,NA,NA,NA,NA,NA,NA,NA,NA,NA,NA,NA,NA,NA,NA,NA,NA,NA,NA,NA,NA,NA,NA,NA,NA,NA,NA,NA,NA,NA,NA,NA,NA,NA,1.05220103,0.847225851,0.961678723,0.830930536,NA,NA,NA,NA,NA,NA,NA,NA,NA,NA,NA,NA,NA,NA,NA,NA,NA,NA,NA,NA,NA,NA,NA
E00148855,E07000189,South Somerset,E12000009,South West,150,1,1a,1a2,0.771416023,0.74867197,0.755237991,0.771416023,2.203649159,2.370558519,1.916318653,1.308674386,1.060599079,1.701776591,1.367015202,0.74867197,0.829814924,1.011434002,NA,NA,NA,NA,NA,NA,NA,NA,NA,NA,NA,NA,NA,NA,NA,NA,NA,NA,NA,NA,NA,NA,NA,0.859493618,0.755237991,0.766258559,0.839188208,NA,NA,NA,NA,NA,NA,NA,NA,NA,NA,NA,NA,NA,NA,NA,NA,NA,NA,NA,NA,NA,NA,NA,NA,NA,NA,NA,NA,NA,NA,NA,NA,NA,NA,NA,NA,NA,NA,NA,NA,NA,NA,NA,NA,NA,NA,NA,NA,NA,NA,NA,NA,NA,NA,NA,NA,NA,NA,NA,NA,NA,NA,NA,NA,NA,NA,NA,NA,NA,NA,NA,NA
E00148856,E07000189,South Somerset,E12000009,South West,410,1,1b,1b1,0.518242495,0.5524124,0.531792594,0.518242495,2.108495983,2.298137734,1.790375239,1.181319822,0.972183472,1.556120281,1.124912159,0.575744719,0.5524124,0.796953207,NA,NA,NA,NA,NA,NA,NA,NA,NA,NA,NA,NA,NA,NA,NA,NA,NA,NA,NA,NA,NA,NA,NA,NA,NA,NA,NA,0.531792594,0.65073217,0.621704575,NA,NA,NA,NA,NA,NA,NA,NA,NA,NA,NA,NA,NA,NA,NA,NA,NA,NA,NA,NA,NA,NA,NA,NA,NA,NA,NA,NA,NA,NA,NA,NA,NA,NA,NA,NA,NA,NA,NA,NA,NA,NA,NA,NA,NA,NA,NA,NA,NA,NA,NA,NA,NA,NA,NA,NA,NA,NA,NA,NA,NA,NA,NA,NA,NA,NA,NA,NA,NA
E00148857,E07000189,South Somerset,E12000009,South West,398,1,1a,1a3,0.549813466,0.559295827,0.577992265,0.549813466,1.943434303,2.193126235,1.78214652,1.124861222,0.952829615,1.486332886,1.214495064,0.559295827,0.628079617,0.776351705,NA,NA,NA,NA,NA,NA,NA,NA,NA,NA,NA,NA,NA,NA,NA,NA,NA,NA,NA,NA,NA,NA,NA,0.675751843,0.641096965,0.577992265,0.589814654,NA,NA,NA,NA,NA,NA,NA,NA,NA,NA,NA,NA,NA,NA,NA,NA,NA,NA,NA,NA,NA,NA,NA,NA,NA,NA,NA,NA,NA,NA,NA,NA,NA,NA,NA,NA,NA,NA,NA,NA,NA,NA,NA,NA,NA,NA,NA,NA,NA,NA,NA,NA,NA,NA,NA,NA,NA,NA,NA,NA,NA,NA,NA,NA,NA,NA,NA,NA,NA,NA,NA,NA
E00148858,E07000189,South Somerset,E12000009,South West,511,1,1b,1b1,0.453421953,0.473098793,0.507702829,0.453421953,2.042051823,2.236213927,1.740697308,1.091607664,0.924814279,1.497619905,1.086400704,0.523221021,0.473098793,0.793340152,NA,NA,NA,NA,NA,NA,NA,NA,NA,NA,NA,NA,NA,NA,NA,NA,NA,NA,NA,NA,NA,NA,NA,NA,NA,NA,NA,0.507702829,0.536334921,0.543615268,NA,NA,NA,NA,NA,NA,NA,NA,NA,NA,NA,NA,NA,NA,NA,NA,NA,NA,NA,NA,NA,NA,NA,NA,NA,NA,NA,NA,NA,NA,NA,NA,NA,NA,NA,NA,NA,NA,NA,NA,NA,NA,NA,NA,NA,NA,NA,NA,NA,NA,NA,NA,NA,NA,NA,NA,NA,NA,NA,NA,NA,NA,NA,NA,NA,NA,NA,NA,NA
E00148859,E07000189,South Somerset,E12000009,South West,304,1,1b,1b1,0.630065312,0.584022883,0.571267999,0.630065312,1.928487911,2.067530011,1.580652641,1.009300049,0.884102751,1.448556344,1.011745512,0.773275404,0.584022883,0.850658983,NA,NA,NA,NA,NA,NA,NA,NA,NA,NA,NA,NA,NA,NA,NA,NA,NA,NA,NA,NA,NA,NA,NA,NA,NA,NA,NA,0.571267999,0.608862778,0.727850687,NA,NA,NA,NA,NA,NA,NA,NA,NA,NA,NA,NA,NA,NA,NA,NA,NA,NA,NA,NA,NA,NA,NA,NA,NA,NA,NA,NA,NA,NA,NA,NA,NA,NA,NA,NA,NA,NA,NA,NA,NA,NA,NA,NA,NA,NA,NA,NA,NA,NA,NA,NA,NA,NA,NA,NA,NA,NA,NA,NA,NA,NA,NA,NA,NA,NA,NA,NA,NA
E00148860,E07000189,South Somerset,E12000009,South West,369,1,1a,1a3,0.548319676,0.583851634,0.563521299,0.548319676,2.099365702,2.300836956,1.811278737,1.149089837,0.958293315,1.579951978,1.20324587,0.583851634,0.585003095,0.84510041,NA,NA,NA,NA,NA,NA,NA,NA,NA,NA,NA,NA,NA,NA,NA,NA,NA,NA,NA,NA,NA,NA,NA,0.737395051,0.619604656,0.563521299,0.691241862,NA,NA,NA,NA,NA,NA,NA,NA,NA,NA,NA,NA,NA,NA,NA,NA,NA,NA,NA,NA,NA,NA,NA,NA,NA,NA,NA,NA,NA,NA,NA,NA,NA,NA,NA,NA,NA,NA,NA,NA,NA,NA,NA,NA,NA,NA,NA,NA,NA,NA,NA,NA,NA,NA,NA,NA,NA,NA,NA,NA,NA,NA,NA,NA,NA,NA,NA,NA,NA,NA,NA,NA
E00148861,E07000189,South Somerset,E12000009,South West,251,1,1b,1b2,0.587063793,0.632360472,0.618548458,0.587063793,1.990793152,2.252845928,1.697850771,0.987987123,0.662596907,1.615032657,1.176670147,0.644854089,0.632360472,0.782880837,NA,NA,NA,NA,NA,NA,NA,NA,NA,NA,NA,NA,NA,NA,NA,NA,NA,NA,NA,NA,NA,NA,NA,NA,NA,NA,NA,0.637091934,0.618548458,0.787957171,NA,NA,NA,NA,NA,NA,NA,NA,NA,NA,NA,NA,NA,NA,NA,NA,NA,NA,NA,NA,NA,NA,NA,NA,NA,NA,NA,NA,NA,NA,NA,NA,NA,NA,NA,NA,NA,NA,NA,NA,NA,NA,NA,NA,NA,NA,NA,NA,NA,NA,NA,NA,NA,NA,NA,NA,NA,NA,NA,NA,NA,NA,NA,NA,NA,NA,NA,NA,NA
E00148862,E07000189,South Somerset,E12000009,South West,213,1,1b,1b3,0.702907437,0.675918739,0.647489655,0.702907437,1.916795925,2.123085817,1.661921036,1.080451234,1.083041416,1.395278366,1.06231444,0.86061445,0.675918739,0.782576542,NA,NA,NA,NA,NA,NA,NA,NA,NA,NA,NA,NA,NA,NA,NA,NA,NA,NA,NA,NA,NA,NA,NA,NA,NA,NA,NA,0.728778589,0.747211439,0.647489655,NA,NA,NA,NA,NA,NA,NA,NA,NA,NA,NA,NA,NA,NA,NA,NA,NA,NA,NA,NA,NA,NA,NA,NA,NA,NA,NA,NA,NA,NA,NA,NA,NA,NA,NA,NA,NA,NA,NA,NA,NA,NA,NA,NA,NA,NA,NA,NA,NA,NA,NA,NA,NA,NA,NA,NA,NA,NA,NA,NA,NA,NA,NA,NA,NA,NA,NA,NA,NA
E00148863,E07000189,South Somerset,E12000009,South West,374,1,1a,1a4,0.632466709,0.525847658,0.546211903,0.632466709,2.10798857,2.33543507,1.90592747,1.25985664,0.882444092,1.702683847,1.369159131,0.525847658,0.752069317,0.896683667,NA,NA,NA,NA,NA,NA,NA,NA,NA,NA,NA,NA,NA,NA,NA,NA,NA,NA,NA,NA,NA,NA,NA,0.581047931,0.575715385,0.644394439,0.546211903,NA,NA,NA,NA,NA,NA,NA,NA,NA,NA,NA,NA,NA,NA,NA,NA,NA,NA,NA,NA,NA,NA,NA,NA,NA,NA,NA,NA,NA,NA,NA,NA,NA,NA,NA,NA,NA,NA,NA,NA,NA,NA,NA,NA,NA,NA,NA,NA,NA,NA,NA,NA,NA,NA,NA,NA,NA,NA,NA,NA,NA,NA,NA,NA,NA,NA,NA,NA,NA,NA,NA,NA
E00148864,E07000189,South Somerset,E12000009,South West,354,1,1a,1a2,0.478418625,0.367930859,0.407597078,0.478418625,2.04685081,2.299256579,1.796196404,1.119774817,0.733550086,1.638695093,1.264071205,0.367930859,0.623945239,0.751754037,NA,NA,NA,NA,NA,NA,NA,NA,NA,NA,NA,NA,NA,NA,NA,NA,NA,NA,NA,NA,NA,NA,NA,0.488878032,0.407597078,0.500933548,0.427741852,NA,NA,NA,NA,NA,NA,NA,NA,NA,NA,NA,NA,NA,NA,NA,NA,NA,NA,NA,NA,NA,NA,NA,NA,NA,NA,NA,NA,NA,NA,NA,NA,NA,NA,NA,NA,NA,NA,NA,NA,NA,NA,NA,NA,NA,NA,NA,NA,NA,NA,NA,NA,NA,NA,NA,NA,NA,NA,NA,NA,NA,NA,NA,NA,NA,NA,NA,NA,NA,NA,NA,NA
E00148865,E07000189,South Somerset,E12000009,South West,351,1,1b,1b3,0.607107558,0.554258775,0.550927205,0.607107558,1.812610357,1.970713257,1.534897717,0.972621924,1.056650791,1.32221592,0.997137052,0.763010114,0.554258775,0.824462726,NA,NA,NA,NA,NA,NA,NA,NA,NA,NA,NA,NA,NA,NA,NA,NA,NA,NA,NA,NA,NA,NA,NA,NA,NA,NA,NA,0.658864938,0.570588153,0.550927205,NA,NA,NA,NA,NA,NA,NA,NA,NA,NA,NA,NA,NA,NA,NA,NA,NA,NA,NA,NA,NA,NA,NA,NA,NA,NA,NA,NA,NA,NA,NA,NA,NA,NA,NA,NA,NA,NA,NA,NA,NA,NA,NA,NA,NA,NA,NA,NA,NA,NA,NA,NA,NA,NA,NA,NA,NA,NA,NA,NA,NA,NA,NA,NA,NA,NA,NA,NA,NA
E00148866,E07000189,South Somerset,E12000009,South West,307,1,1b,1b1,0.676457338,0.639665044,0.576526101,0.676457338,2.01153177,2.21255924,1.664387065,1.105495951,0.960705536,1.512791708,1.022516028,0.789684122,0.639665044,0.926029269,NA,NA,NA,NA,NA,NA,NA,NA,NA,NA,NA,NA,NA,NA,NA,NA,NA,NA,NA,NA,NA,NA,NA,NA,NA,NA,NA,0.576526101,0.739763645,0.737428446,NA,NA,NA,NA,NA,NA,NA,NA,NA,NA,NA,NA,NA,NA,NA,NA,NA,NA,NA,NA,NA,NA,NA,NA,NA,NA,NA,NA,NA,NA,NA,NA,NA,NA,NA,NA,NA,NA,NA,NA,NA,NA,NA,NA,NA,NA,NA,NA,NA,NA,NA,NA,NA,NA,NA,NA,NA,NA,NA,NA,NA,NA,NA,NA,NA,NA,NA,NA,NA
E00148867,E07000189,South Somerset,E12000009,South West,241,8,8c,8c2,0.88787511,0.789206738,0.762181768,1.222969139,1.526908108,1.621742266,1.26444941,0.913732924,1.373033367,0.897935467,0.88787511,NA,NA,NA,NA,NA,NA,NA,NA,NA,NA,NA,NA,NA,NA,NA,NA,NA,NA,NA,NA,NA,NA,1.02255784,1.050486354,0.789206738,0.921274427,NA,NA,NA,NA,NA,NA,NA,NA,NA,NA,NA,NA,NA,NA,NA,NA,NA,NA,NA,NA,NA,NA,NA,NA,NA,NA,NA,NA,NA,NA,NA,NA,NA,NA,NA,NA,NA,NA,NA,NA,NA,NA,NA,NA,NA,NA,NA,NA,NA,NA,NA,NA,NA,NA,NA,NA,NA,NA,NA,NA,NA,NA,NA,NA,NA,NA,NA,NA,NA,NA,0.807866185,0.762181768,0.877602546,NA,NA,NA
E00148868,E07000189,South Somerset,E12000009,South West,254,1,1b,1b2,0.716634389,0.733561125,0.720435085,0.716634389,1.881680416,2.221651265,1.694931213,0.909691544,0.753805915,1.535931605,1.170247756,0.796198948,0.733561125,0.871024694,NA,NA,NA,NA,NA,NA,NA,NA,NA,NA,NA,NA,NA,NA,NA,NA,NA,NA,NA,NA,NA,NA,NA,NA,NA,NA,NA,0.79232156,0.720435085,0.799384784,NA,NA,NA,NA,NA,NA,NA,NA,NA,NA,NA,NA,NA,NA,NA,NA,NA,NA,NA,NA,NA,NA,NA,NA,NA,NA,NA,NA,NA,NA,NA,NA,NA,NA,NA,NA,NA,NA,NA,NA,NA,NA,NA,NA,NA,NA,NA,NA,NA,NA,NA,NA,NA,NA,NA,NA,NA,NA,NA,NA,NA,NA,NA,NA,NA,NA,NA,NA,NA
E00148869,E07000189,South Somerset,E12000009,South West,274,5,5b,5b3,0.69373814,0.672093797,0.643290756,0.883069252,1.579172008,1.885996969,1.404623239,0.69373814,0.994677631,1.166362143,0.97280971,NA,NA,NA,NA,NA,NA,NA,NA,NA,NA,NA,NA,NA,NA,0.78200471,0.672093797,NA,NA,NA,NA,NA,NA,NA,NA,NA,NA,NA,NA,NA,NA,NA,NA,NA,NA,NA,NA,NA,NA,NA,NA,NA,NA,NA,NA,NA,NA,NA,NA,NA,NA,NA,NA,NA,NA,NA,NA,NA,NA,NA,NA,NA,NA,NA,NA,NA,NA,NA,NA,0.877553525,0.79243075,0.643290756,NA,NA,NA,NA,NA,NA,NA,NA,NA,NA,NA,NA,NA,NA,NA,NA,NA,NA,NA,NA,NA,NA,NA,NA,NA,NA,NA,NA,NA,NA,NA
E00148870,E07000189,South Somerset,E12000009,South West,290,6,6b,6b2,0.639850536,0.632302897,0.628208563,0.837930368,2.098911206,2.361745306,1.796773939,1.118518895,0.639850536,1.686028863,1.200574727,NA,NA,NA,NA,NA,NA,NA,NA,NA,NA,NA,NA,NA,NA,NA,NA,0.742328324,0.632302897,NA,NA,NA,NA,NA,NA,NA,NA,NA,NA,NA,NA,NA,NA,NA,NA,NA,NA,NA,NA,NA,NA,NA,NA,NA,NA,NA,NA,NA,NA,NA,NA,NA,NA,NA,NA,NA,NA,NA,NA,NA,NA,NA,NA,NA,NA,NA,NA,NA,NA,NA,NA,NA,NA,NA,NA,NA,0.91605861,0.628208563,0.6440549,0.728608007,NA,NA,NA,NA,NA,NA,NA,NA,NA,NA,NA,NA,NA,NA,NA,NA,NA,NA,NA,NA,NA,NA,NA
E00148871,E07000189,South Somerset,E12000009,South West,298,8,8c,8c2,0.840418631,0.700229411,0.629714507,1.042164073,1.672986653,1.760666617,1.363052267,0.897756496,1.279074701,0.98221161,0.840418631,NA,NA,NA,NA,NA,NA,NA,NA,NA,NA,NA,NA,NA,NA,NA,NA,NA,NA,NA,NA,NA,NA,0.93632457,1.036760791,0.700229411,0.936698479,NA,NA,NA,NA,NA,NA,NA,NA,NA,NA,NA,NA,NA,NA,NA,NA,NA,NA,NA,NA,NA,NA,NA,NA,NA,NA,NA,NA,NA,NA,NA,NA,NA,NA,NA,NA,NA,NA,NA,NA,NA,NA,NA,NA,NA,NA,NA,NA,NA,NA,NA,NA,NA,NA,NA,NA,NA,NA,NA,NA,NA,NA,NA,NA,NA,NA,NA,NA,NA,NA,0.706325506,0.629714507,0.84122653,NA,NA,NA
E00148872,E07000189,South Somerset,E12000009,South West,297,1,1b,1b3,0.633620187,0.519843071,0.515258085,0.633620187,1.827872196,2.010552955,1.476553211,0.83193344,0.900817272,1.243453013,0.791052396,0.833658802,0.519843071,0.868479868,NA,NA,NA,NA,NA,NA,NA,NA,NA,NA,NA,NA,NA,NA,NA,NA,NA,NA,NA,NA,NA,NA,NA,NA,NA,NA,NA,0.530459378,0.645168398,0.515258085,NA,NA,NA,NA,NA,NA,NA,NA,NA,NA,NA,NA,NA,NA,NA,NA,NA,NA,NA,NA,NA,NA,NA,NA,NA,NA,NA,NA,NA,NA,NA,NA,NA,NA,NA,NA,NA,NA,NA,NA,NA,NA,NA,NA,NA,NA,NA,NA,NA,NA,NA,NA,NA,NA,NA,NA,NA,NA,NA,NA,NA,NA,NA,NA,NA,NA,NA,NA,NA
E00148873,E07000189,South Somerset,E12000009,South West,317,1,1c,1c2,1.064531308,0.818902752,0.684887329,1.064531308,2.004108623,2.160936088,1.763263954,1.238708273,1.362047821,1.475447801,1.268538746,1.246940349,1.05479493,0.818902752,NA,NA,NA,NA,NA,NA,NA,NA,NA,NA,NA,NA,NA,NA,NA,NA,NA,NA,NA,NA,NA,NA,NA,NA,NA,NA,NA,NA,NA,NA,0.996316452,0.684887329,0.904731546,NA,NA,NA,NA,NA,NA,NA,NA,NA,NA,NA,NA,NA,NA,NA,NA,NA,NA,NA,NA,NA,NA,NA,NA,NA,NA,NA,NA,NA,NA,NA,NA,NA,NA,NA,NA,NA,NA,NA,NA,NA,NA,NA,NA,NA,NA,NA,NA,NA,NA,NA,NA,NA,NA,NA,NA,NA,NA,NA,NA,NA,NA,NA,NA,NA,NA
E00148874,E07000189,South Somerset,E12000009,South West,276,1,1a,1a4,0.800173535,0.781451759,0.735586957,0.800173535,2.164195369,2.43051488,1.897793847,1.258916267,0.831808913,1.774566807,1.349104084,0.781451759,0.867022148,0.99121109,NA,NA,NA,NA,NA,NA,NA,NA,NA,NA,NA,NA,NA,NA,NA,NA,NA,NA,NA,NA,NA,NA,NA,0.896553921,0.765967718,0.877731166,0.735586957,NA,NA,NA,NA,NA,NA,NA,NA,NA,NA,NA,NA,NA,NA,NA,NA,NA,NA,NA,NA,NA,NA,NA,NA,NA,NA,NA,NA,NA,NA,NA,NA,NA,NA,NA,NA,NA,NA,NA,NA,NA,NA,NA,NA,NA,NA,NA,NA,NA,NA,NA,NA,NA,NA,NA,NA,NA,NA,NA,NA,NA,NA,NA,NA,NA,NA,NA,NA,NA,NA,NA,NA
E00148875,E07000189,South Somerset,E12000009,South West,363,8,8a,8a1,0.740016912,0.691358044,0.657595027,0.760771061,1.861943132,2.032393158,1.504620504,0.895884222,0.99217522,1.187993782,0.740016912,NA,NA,NA,NA,NA,NA,NA,NA,NA,NA,NA,NA,NA,NA,NA,NA,NA,NA,NA,NA,NA,NA,0.691358044,0.878925919,0.695395861,0.96027207,NA,NA,NA,NA,NA,NA,NA,NA,NA,NA,NA,NA,NA,NA,NA,NA,NA,NA,NA,NA,NA,NA,NA,NA,NA,NA,NA,NA,NA,NA,NA,NA,NA,NA,NA,NA,NA,NA,NA,NA,NA,NA,NA,NA,NA,NA,NA,NA,NA,NA,NA,NA,NA,NA,NA,NA,NA,NA,NA,NA,NA,NA,NA,NA,NA,NA,0.657595027,0.791773525,NA,NA,NA,NA,NA,NA,NA,NA
E00148876,E07000189,South Somerset,E12000009,South West,358,1,1a,1a3,0.545639896,0.521312558,0.512812459,0.545639896,2.00958081,2.238137865,1.744841771,1.10441426,0.908814101,1.610974084,1.242475643,0.521312558,0.627088903,0.832057779,NA,NA,NA,NA,NA,NA,NA,NA,NA,NA,NA,NA,NA,NA,NA,NA,NA,NA,NA,NA,NA,NA,NA,0.689051583,0.531934952,0.512812459,0.665301203,NA,NA,NA,NA,NA,NA,NA,NA,NA,NA,NA,NA,NA,NA,NA,NA,NA,NA,NA,NA,NA,NA,NA,NA,NA,NA,NA,NA,NA,NA,NA,NA,NA,NA,NA,NA,NA,NA,NA,NA,NA,NA,NA,NA,NA,NA,NA,NA,NA,NA,NA,NA,NA,NA,NA,NA,NA,NA,NA,NA,NA,NA,NA,NA,NA,NA,NA,NA,NA,NA,NA,NA
E00148877,E07000189,South Somerset,E12000009,South West,320,8,8a,8a1,0.808049427,0.68452634,0.683304829,0.880300319,1.955662124,2.091107045,1.54775285,0.963804498,0.85063503,1.255485239,0.808049427,NA,NA,NA,NA,NA,NA,NA,NA,NA,NA,NA,NA,NA,NA,NA,NA,NA,NA,NA,NA,NA,NA,0.68452634,0.985866789,0.780144514,1.023238681,NA,NA,NA,NA,NA,NA,NA,NA,NA,NA,NA,NA,NA,NA,NA,NA,NA,NA,NA,NA,NA,NA,NA,NA,NA,NA,NA,NA,NA,NA,NA,NA,NA,NA,NA,NA,NA,NA,NA,NA,NA,NA,NA,NA,NA,NA,NA,NA,NA,NA,NA,NA,NA,NA,NA,NA,NA,NA,NA,NA,NA,NA,NA,NA,NA,NA,0.683304829,0.749145237,NA,NA,NA,NA,NA,NA,NA,NA
E00148878,E07000189,South Somerset,E12000009,South West,288,8,8a,8a1,0.631666021,0.60640203,0.622060823,0.888461441,1.850900906,1.892453862,1.388191526,0.922092014,1.046734287,1.073263392,0.631666021,NA,NA,NA,NA,NA,NA,NA,NA,NA,NA,NA,NA,NA,NA,NA,NA,NA,NA,NA,NA,NA,NA,0.60640203,0.834041024,0.607575872,0.791637293,NA,NA,NA,NA,NA,NA,NA,NA,NA,NA,NA,NA,NA,NA,NA,NA,NA,NA,NA,NA,NA,NA,NA,NA,NA,NA,NA,NA,NA,NA,NA,NA,NA,NA,NA,NA,NA,NA,NA,NA,NA,NA,NA,NA,NA,NA,NA,NA,NA,NA,NA,NA,NA,NA,NA,NA,NA,NA,NA,NA,NA,NA,NA,NA,NA,NA,0.622060823,0.658440142,NA,NA,NA,NA,NA,NA,NA,NA
E00148879,E07000189,South Somerset,E12000009,South West,273,8,8c,8c1,0.651061182,0.584060025,0.536682529,0.989445789,1.705038814,1.781924478,1.284383498,0.783821581,1.02320154,1.002456401,0.651061182,NA,NA,NA,NA,NA,NA,NA,NA,NA,NA,NA,NA,NA,NA,NA,NA,NA,NA,NA,NA,NA,NA,0.689055426,0.840124632,0.584060025,0.799307724,NA,NA,NA,NA,NA,NA,NA,NA,NA,NA,NA,NA,NA,NA,NA,NA,NA,NA,NA,NA,NA,NA,NA,NA,NA,NA,NA,NA,NA,NA,NA,NA,NA,NA,NA,NA,NA,NA,NA,NA,NA,NA,NA,NA,NA,NA,NA,NA,NA,NA,NA,NA,NA,NA,NA,NA,NA,NA,NA,NA,NA,NA,NA,NA,NA,NA,NA,NA,NA,NA,0.536682529,0.688697572,0.68034667,NA,NA,NA
E00148880,E07000189,South Somerset,E12000009,South West,289,6,6a,6a3,0.823693888,0.842358727,0.723962904,0.845737499,2.181992148,2.431725769,1.912685909,1.286459104,0.823693888,1.77826424,1.359802399,NA,NA,NA,NA,NA,NA,NA,NA,NA,NA,NA,NA,NA,NA,NA,NA,0.842358727,0.865906569,NA,NA,NA,NA,NA,NA,NA,NA,NA,NA,NA,NA,NA,NA,NA,NA,NA,NA,NA,NA,NA,NA,NA,NA,NA,NA,NA,NA,NA,NA,NA,NA,NA,NA,NA,NA,NA,NA,NA,NA,NA,NA,NA,NA,NA,NA,NA,NA,NA,NA,NA,NA,NA,1.115035053,0.966977714,0.723962904,0.940704535,NA,NA,NA,NA,NA,NA,NA,NA,NA,NA,NA,NA,NA,NA,NA,NA,NA,NA,NA,NA,NA,NA,NA,NA,NA,NA,NA
E00148881,E07000189,South Somerset,E12000009,South West,252,6,6b,6b4,0.664199687,0.696938008,0.683865872,0.693196843,1.942028478,2.220389186,1.693891998,0.995051822,0.664199687,1.567577023,1.200261968,NA,NA,NA,NA,NA,NA,NA,NA,NA,NA,NA,NA,NA,NA,NA,NA,0.713312524,0.696938008,NA,NA,NA,NA,NA,NA,NA,NA,NA,NA,NA,NA,NA,NA,NA,NA,NA,NA,NA,NA,NA,NA,NA,NA,NA,NA,NA,NA,NA,NA,NA,NA,NA,NA,NA,NA,NA,NA,NA,NA,NA,NA,NA,NA,NA,NA,NA,NA,NA,NA,NA,NA,NA,NA,NA,NA,NA,0.931490609,0.742059261,0.736212203,0.683865872,NA,NA,NA,NA,NA,NA,NA,NA,NA,NA,NA,NA,NA,NA,NA,NA,NA,NA,NA,NA,NA,NA,NA
E00148882,E07000189,South Somerset,E12000009,South West,349,1,1b,1b3,0.738676982,0.709935975,0.68855847,0.738676982,1.790828266,1.99235476,1.474944288,0.950922362,1.126794143,1.335779608,1.054505835,0.865770071,0.709935975,0.898385498,NA,NA,NA,NA,NA,NA,NA,NA,NA,NA,NA,NA,NA,NA,NA,NA,NA,NA,NA,NA,NA,NA,NA,NA,NA,NA,NA,0.793317891,0.737358838,0.68855847,NA,NA,NA,NA,NA,NA,NA,NA,NA,NA,NA,NA,NA,NA,NA,NA,NA,NA,NA,NA,NA,NA,NA,NA,NA,NA,NA,NA,NA,NA,NA,NA,NA,NA,NA,NA,NA,NA,NA,NA,NA,NA,NA,NA,NA,NA,NA,NA,NA,NA,NA,NA,NA,NA,NA,NA,NA,NA,NA,NA,NA,NA,NA,NA,NA,NA,NA,NA,NA
E00148883,E07000189,South Somerset,E12000009,South West,293,8,8a,8a1,0.867477284,0.700598817,0.706408779,0.89967836,2.090324627,2.181797451,1.625197016,1.120800323,0.960136889,1.379418956,0.867477284,NA,NA,NA,NA,NA,NA,NA,NA,NA,NA,NA,NA,NA,NA,NA,NA,NA,NA,NA,NA,NA,NA,0.700598817,0.998117043,0.922405886,1.059568878,NA,NA,NA,NA,NA,NA,NA,NA,NA,NA,NA,NA,NA,NA,NA,NA,NA,NA,NA,NA,NA,NA,NA,NA,NA,NA,NA,NA,NA,NA,NA,NA,NA,NA,NA,NA,NA,NA,NA,NA,NA,NA,NA,NA,NA,NA,NA,NA,NA,NA,NA,NA,NA,NA,NA,NA,NA,NA,NA,NA,NA,NA,NA,NA,NA,NA,0.706408779,0.755546112,NA,NA,NA,NA,NA,NA,NA,NA
E00148884,E07000189,South Somerset,E12000009,South West,363,1,1b,1b3,0.776502304,0.754683113,0.70230785,0.776502304,1.855105609,2.028672347,1.596068841,0.974646877,0.855783776,1.321255744,1.075920249,0.88181026,0.754683113,0.95812462,NA,NA,NA,NA,NA,NA,NA,NA,NA,NA,NA,NA,NA,NA,NA,NA,NA,NA,NA,NA,NA,NA,NA,NA,NA,NA,NA,0.814852166,0.82330719,0.70230785,NA,NA,NA,NA,NA,NA,NA,NA,NA,NA,NA,NA,NA,NA,NA,NA,NA,NA,NA,NA,NA,NA,NA,NA,NA,NA,NA,NA,NA,NA,NA,NA,NA,NA,NA,NA,NA,NA,NA,NA,NA,NA,NA,NA,NA,NA,NA,NA,NA,NA,NA,NA,NA,NA,NA,NA,NA,NA,NA,NA,NA,NA,NA,NA,NA,NA,NA,NA,NA
E00148885,E07000189,South Somerset,E12000009,South West,276,8,8c,8c2,0.904474042,0.780618398,0.703870766,1.137425978,1.807505283,1.856117689,1.456206017,1.040428792,1.315449595,1.071239903,0.904474042,NA,NA,NA,NA,NA,NA,NA,NA,NA,NA,NA,NA,NA,NA,NA,NA,NA,NA,NA,NA,NA,NA,0.97466932,1.118374374,0.780618398,0.983093835,NA,NA,NA,NA,NA,NA,NA,NA,NA,NA,NA,NA,NA,NA,NA,NA,NA,NA,NA,NA,NA,NA,NA,NA,NA,NA,NA,NA,NA,NA,NA,NA,NA,NA,NA,NA,NA,NA,NA,NA,NA,NA,NA,NA,NA,NA,NA,NA,NA,NA,NA,NA,NA,NA,NA,NA,NA,NA,NA,NA,NA,NA,NA,NA,NA,NA,NA,NA,NA,NA,0.795786024,0.703870766,0.906502529,NA,NA,NA
E00148886,E07000189,South Somerset,E12000009,South West,362,7,7a,7a1,1.020210472,0.906342993,0.712061485,1.40262752,1.441838528,1.552649155,1.256465488,1.073687099,1.54148794,1.020210472,1.138045286,NA,NA,NA,NA,NA,NA,NA,NA,NA,NA,NA,NA,NA,NA,NA,NA,NA,NA,0.906342993,1.331814146,1.115837786,1.205099014,NA,NA,NA,NA,NA,NA,NA,NA,NA,NA,NA,NA,NA,NA,NA,NA,NA,NA,NA,NA,NA,NA,NA,NA,NA,NA,NA,NA,NA,NA,NA,NA,NA,NA,NA,NA,NA,NA,NA,NA,NA,NA,NA,NA,NA,NA,NA,NA,NA,NA,NA,NA,NA,NA,NA,NA,NA,0.712061485,0.921973799,1.090820241,NA,NA,NA,NA,NA,NA,NA,NA,NA,NA,NA,NA,NA,NA,NA,NA,NA,NA,NA,NA
E00148887,E07000189,South Somerset,E12000009,South West,324,1,1a,1a4,0.779097703,0.764853612,0.696275843,0.779097703,2.141281645,2.409490997,1.87181646,1.199336346,0.788488556,1.684041112,1.25504541,0.764853612,0.836941208,0.999003151,NA,NA,NA,NA,NA,NA,NA,NA,NA,NA,NA,NA,NA,NA,NA,NA,NA,NA,NA,NA,NA,NA,NA,0.84422566,0.780994448,0.873965506,0.696275843,NA,NA,NA,NA,NA,NA,NA,NA,NA,NA,NA,NA,NA,NA,NA,NA,NA,NA,NA,NA,NA,NA,NA,NA,NA,NA,NA,NA,NA,NA,NA,NA,NA,NA,NA,NA,NA,NA,NA,NA,NA,NA,NA,NA,NA,NA,NA,NA,NA,NA,NA,NA,NA,NA,NA,NA,NA,NA,NA,NA,NA,NA,NA,NA,NA,NA,NA,NA,NA,NA,NA,NA
E00148888,E07000189,South Somerset,E12000009,South West,279,1,1b,1b1,0.9412396,0.895177341,0.87734909,0.9412396,1.87274769,2.082152992,1.51482316,0.997973263,1.073093185,1.45305364,1.05535548,1.066027079,0.895177341,1.086520438,NA,NA,NA,NA,NA,NA,NA,NA,NA,NA,NA,NA,NA,NA,NA,NA,NA,NA,NA,NA,NA,NA,NA,NA,NA,NA,NA,0.87734909,0.959553146,0.945917068,NA,NA,NA,NA,NA,NA,NA,NA,NA,NA,NA,NA,NA,NA,NA,NA,NA,NA,NA,NA,NA,NA,NA,NA,NA,NA,NA,NA,NA,NA,NA,NA,NA,NA,NA,NA,NA,NA,NA,NA,NA,NA,NA,NA,NA,NA,NA,NA,NA,NA,NA,NA,NA,NA,NA,NA,NA,NA,NA,NA,NA,NA,NA,NA,NA,NA,NA,NA,NA
E00148889,E07000189,South Somerset,E12000009,South West,343,1,1c,1c3,0.994857586,0.797189583,0.786571685,0.994857586,2.083563473,2.336563615,1.768547845,1.244505873,1.140977991,1.767720497,1.446114775,1.050556809,1.081814408,0.797189583,NA,NA,NA,NA,NA,NA,NA,NA,NA,NA,NA,NA,NA,NA,NA,NA,NA,NA,NA,NA,NA,NA,NA,NA,NA,NA,NA,NA,NA,NA,0.859467607,0.892880949,0.786571685,NA,NA,NA,NA,NA,NA,NA,NA,NA,NA,NA,NA,NA,NA,NA,NA,NA,NA,NA,NA,NA,NA,NA,NA,NA,NA,NA,NA,NA,NA,NA,NA,NA,NA,NA,NA,NA,NA,NA,NA,NA,NA,NA,NA,NA,NA,NA,NA,NA,NA,NA,NA,NA,NA,NA,NA,NA,NA,NA,NA,NA,NA,NA,NA,NA,NA
E00148890,E07000189,South Somerset,E12000009,South West,316,1,1c,1c2,0.967478219,0.704410444,0.577742844,0.967478219,1.812952569,1.998633891,1.532019095,0.973547043,1.155210351,1.319502539,1.047997032,1.188442817,0.932178067,0.704410444,NA,NA,NA,NA,NA,NA,NA,NA,NA,NA,NA,NA,NA,NA,NA,NA,NA,NA,NA,NA,NA,NA,NA,NA,NA,NA,NA,NA,NA,NA,0.855479922,0.577742844,0.823752417,NA,NA,NA,NA,NA,NA,NA,NA,NA,NA,NA,NA,NA,NA,NA,NA,NA,NA,NA,NA,NA,NA,NA,NA,NA,NA,NA,NA,NA,NA,NA,NA,NA,NA,NA,NA,NA,NA,NA,NA,NA,NA,NA,NA,NA,NA,NA,NA,NA,NA,NA,NA,NA,NA,NA,NA,NA,NA,NA,NA,NA,NA,NA,NA,NA,NA
E00148891,E07000189,South Somerset,E12000009,South West,340,6,6b,6b2,0.757264499,0.672416378,0.664379689,0.848065549,2.00883889,2.236495795,1.635089819,1.043249044,0.757264499,1.542414964,1.018069091,NA,NA,NA,NA,NA,NA,NA,NA,NA,NA,NA,NA,NA,NA,NA,NA,0.931495839,0.672416378,NA,NA,NA,NA,NA,NA,NA,NA,NA,NA,NA,NA,NA,NA,NA,NA,NA,NA,NA,NA,NA,NA,NA,NA,NA,NA,NA,NA,NA,NA,NA,NA,NA,NA,NA,NA,NA,NA,NA,NA,NA,NA,NA,NA,NA,NA,NA,NA,NA,NA,NA,NA,NA,NA,NA,NA,NA,0.897750336,0.664379689,0.707667567,0.772273359,NA,NA,NA,NA,NA,NA,NA,NA,NA,NA,NA,NA,NA,NA,NA,NA,NA,NA,NA,NA,NA,NA,NA
E00148892,E07000189,South Somerset,E12000009,South West,397,1,1b,1b3,0.677334417,0.570950391,0.536764506,0.677334417,1.830851599,1.990050421,1.50168549,0.872575331,0.938385394,1.21120088,0.829640162,0.887590927,0.570950391,0.844501024,NA,NA,NA,NA,NA,NA,NA,NA,NA,NA,NA,NA,NA,NA,NA,NA,NA,NA,NA,NA,NA,NA,NA,NA,NA,NA,NA,0.596166234,0.690466245,0.536764506,NA,NA,NA,NA,NA,NA,NA,NA,NA,NA,NA,NA,NA,NA,NA,NA,NA,NA,NA,NA,NA,NA,NA,NA,NA,NA,NA,NA,NA,NA,NA,NA,NA,NA,NA,NA,NA,NA,NA,NA,NA,NA,NA,NA,NA,NA,NA,NA,NA,NA,NA,NA,NA,NA,NA,NA,NA,NA,NA,NA,NA,NA,NA,NA,NA,NA,NA,NA,NA
E00148893,E07000189,South Somerset,E12000009,South West,356,5,5a,5a3,0.901178852,0.912551414,0.819502147,1.272363035,1.367189469,1.617228825,1.227917986,0.901178852,1.409649952,1.11299786,1.096927586,NA,NA,NA,NA,NA,NA,NA,NA,NA,NA,NA,NA,NA,NA,0.912551414,0.956214555,NA,NA,NA,NA,NA,NA,NA,NA,NA,NA,NA,NA,NA,NA,NA,NA,NA,NA,NA,NA,NA,NA,NA,NA,NA,NA,NA,NA,NA,NA,NA,NA,NA,NA,NA,NA,NA,NA,NA,NA,NA,NA,NA,NA,NA,NA,NA,NA,NA,0.982652769,1.057483841,0.819502147,NA,NA,NA,NA,NA,NA,NA,NA,NA,NA,NA,NA,NA,NA,NA,NA,NA,NA,NA,NA,NA,NA,NA,NA,NA,NA,NA,NA,NA,NA,NA,NA,NA,NA
E00148894,E07000189,South Somerset,E12000009,South West,382,5,5b,5b3,1.161478241,1.179735189,1.185154478,1.433582781,1.542685979,1.681196482,1.338852028,1.161478241,1.592118735,1.276050509,1.322073218,NA,NA,NA,NA,NA,NA,NA,NA,NA,NA,NA,NA,NA,NA,1.191276348,1.179735189,NA,NA,NA,NA,NA,NA,NA,NA,NA,NA,NA,NA,NA,NA,NA,NA,NA,NA,NA,NA,NA,NA,NA,NA,NA,NA,NA,NA,NA,NA,NA,NA,NA,NA,NA,NA,NA,NA,NA,NA,NA,NA,NA,NA,NA,NA,NA,NA,NA,NA,NA,NA,1.282462011,1.241976997,1.185154478,NA,NA,NA,NA,NA,NA,NA,NA,NA,NA,NA,NA,NA,NA,NA,NA,NA,NA,NA,NA,NA,NA,NA,NA,NA,NA,NA,NA,NA,NA,NA
E00148895,E07000189,South Somerset,E12000009,South West,265,8,8c,8c2,0.962928827,0.823510472,0.818017027,1.172968012,1.838074273,1.918467902,1.563205621,1.107078008,1.322558221,1.078314199,0.962928827,NA,NA,NA,NA,NA,NA,NA,NA,NA,NA,NA,NA,NA,NA,NA,NA,NA,NA,NA,NA,NA,NA,1.011278004,1.158417438,0.823510472,1.086674238,NA,NA,NA,NA,NA,NA,NA,NA,NA,NA,NA,NA,NA,NA,NA,NA,NA,NA,NA,NA,NA,NA,NA,NA,NA,NA,NA,NA,NA,NA,NA,NA,NA,NA,NA,NA,NA,NA,NA,NA,NA,NA,NA,NA,NA,NA,NA,NA,NA,NA,NA,NA,NA,NA,NA,NA,NA,NA,NA,NA,NA,NA,NA,NA,NA,NA,NA,NA,NA,NA,0.833893382,0.818017027,0.90367251,NA,NA,NA
E00148896,E07000189,South Somerset,E12000009,South West,317,5,5a,5a3,0.848429555,0.837138709,0.830997704,1.156131021,1.507152972,1.712399715,1.175342132,0.848429555,1.265692325,1.184732664,1.031725248,NA,NA,NA,NA,NA,NA,NA,NA,NA,NA,NA,NA,NA,NA,0.837138709,0.93259193,NA,NA,NA,NA,NA,NA,NA,NA,NA,NA,NA,NA,NA,NA,NA,NA,NA,NA,NA,NA,NA,NA,NA,NA,NA,NA,NA,NA,NA,NA,NA,NA,NA,NA,NA,NA,NA,NA,NA,NA,NA,NA,NA,NA,NA,NA,NA,NA,NA,0.880282983,0.949688341,0.830997704,NA,NA,NA,NA,NA,NA,NA,NA,NA,NA,NA,NA,NA,NA,NA,NA,NA,NA,NA,NA,NA,NA,NA,NA,NA,NA,NA,NA,NA,NA,NA,NA,NA,NA
E00148897,E07000189,South Somerset,E12000009,South West,310,8,8c,8c2,0.919787856,0.779329561,0.70763868,1.06621899,1.845517102,1.922308692,1.549757781,1.089719022,1.287924455,1.071980997,0.919787856,NA,NA,NA,NA,NA,NA,NA,NA,NA,NA,NA,NA,NA,NA,NA,NA,NA,NA,NA,NA,NA,NA,0.970277166,1.133601629,0.779329561,1.032288668,NA,NA,NA,NA,NA,NA,NA,NA,NA,NA,NA,NA,NA,NA,NA,NA,NA,NA,NA,NA,NA,NA,NA,NA,NA,NA,NA,NA,NA,NA,NA,NA,NA,NA,NA,NA,NA,NA,NA,NA,NA,NA,NA,NA,NA,NA,NA,NA,NA,NA,NA,NA,NA,NA,NA,NA,NA,NA,NA,NA,NA,NA,NA,NA,NA,NA,NA,NA,NA,NA,0.820888668,0.70763868,0.869396236,NA,NA,NA
E00148898,E07000189,South Somerset,E12000009,South West,229,1,1a,1a2,0.722421651,0.71037791,0.68595143,0.722421651,2.046371015,2.270671856,1.780448297,1.166453828,0.890025731,1.675994296,1.308731508,0.71037791,0.780635019,0.960552381,NA,NA,NA,NA,NA,NA,NA,NA,NA,NA,NA,NA,NA,NA,NA,NA,NA,NA,NA,NA,NA,NA,NA,0.834940859,0.68595143,0.768513859,0.773215225,NA,NA,NA,NA,NA,NA,NA,NA,NA,NA,NA,NA,NA,NA,NA,NA,NA,NA,NA,NA,NA,NA,NA,NA,NA,NA,NA,NA,NA,NA,NA,NA,NA,NA,NA,NA,NA,NA,NA,NA,NA,NA,NA,NA,NA,NA,NA,NA,NA,NA,NA,NA,NA,NA,NA,NA,NA,NA,NA,NA,NA,NA,NA,NA,NA,NA,NA,NA,NA,NA,NA,NA
E00148899,E07000189,South Somerset,E12000009,South West,164,1,1a,1a2,0.773707586,0.703689641,0.637626116,0.773707586,2.133117349,2.448727252,1.9356975,1.279401064,0.949598429,1.890550522,1.479685722,0.703689641,0.874553754,0.970122542,NA,NA,NA,NA,NA,NA,NA,NA,NA,NA,NA,NA,NA,NA,NA,NA,NA,NA,NA,NA,NA,NA,NA,0.884036619,0.637626116,0.73825626,0.786552654,NA,NA,NA,NA,NA,NA,NA,NA,NA,NA,NA,NA,NA,NA,NA,NA,NA,NA,NA,NA,NA,NA,NA,NA,NA,NA,NA,NA,NA,NA,NA,NA,NA,NA,NA,NA,NA,NA,NA,NA,NA,NA,NA,NA,NA,NA,NA,NA,NA,NA,NA,NA,NA,NA,NA,NA,NA,NA,NA,NA,NA,NA,NA,NA,NA,NA,NA,NA,NA,NA,NA,NA
E00148900,E07000189,South Somerset,E12000009,South West,277,1,1a,1a2,0.645596835,0.659108927,0.664897573,0.645596835,2.161047089,2.334446261,1.83105147,1.26074757,0.960548025,1.654539166,1.233604988,0.659108927,0.700053395,0.878190935,NA,NA,NA,NA,NA,NA,NA,NA,NA,NA,NA,NA,NA,NA,NA,NA,NA,NA,NA,NA,NA,NA,NA,0.768698313,0.664897573,0.695289501,0.757089137,NA,NA,NA,NA,NA,NA,NA,NA,NA,NA,NA,NA,NA,NA,NA,NA,NA,NA,NA,NA,NA,NA,NA,NA,NA,NA,NA,NA,NA,NA,NA,NA,NA,NA,NA,NA,NA,NA,NA,NA,NA,NA,NA,NA,NA,NA,NA,NA,NA,NA,NA,NA,NA,NA,NA,NA,NA,NA,NA,NA,NA,NA,NA,NA,NA,NA,NA,NA,NA,NA,NA,NA
E00148901,E07000189,South Somerset,E12000009,South West,244,1,1a,1a3,0.828239828,0.802867423,0.728916988,0.828239828,2.02289914,2.327530235,1.878394702,1.262458465,1.159487237,1.748482153,1.462244175,0.802867423,0.900958334,1.003102666,NA,NA,NA,NA,NA,NA,NA,NA,NA,NA,NA,NA,NA,NA,NA,NA,NA,NA,NA,NA,NA,NA,NA,0.984878621,0.828287254,0.728916988,0.876090431,NA,NA,NA,NA,NA,NA,NA,NA,NA,NA,NA,NA,NA,NA,NA,NA,NA,NA,NA,NA,NA,NA,NA,NA,NA,NA,NA,NA,NA,NA,NA,NA,NA,NA,NA,NA,NA,NA,NA,NA,NA,NA,NA,NA,NA,NA,NA,NA,NA,NA,NA,NA,NA,NA,NA,NA,NA,NA,NA,NA,NA,NA,NA,NA,NA,NA,NA,NA,NA,NA,NA,NA
E00148902,E07000189,South Somerset,E12000009,South West,321,1,1b,1b2,0.552403896,0.533158623,0.538939445,0.552403896,2.005561519,2.223430056,1.7094127,1.08758747,1.00150096,1.496704609,1.078099675,0.657464748,0.533158623,0.842901398,NA,NA,NA,NA,NA,NA,NA,NA,NA,NA,NA,NA,NA,NA,NA,NA,NA,NA,NA,NA,NA,NA,NA,NA,NA,NA,NA,0.582038147,0.538939445,0.634705907,NA,NA,NA,NA,NA,NA,NA,NA,NA,NA,NA,NA,NA,NA,NA,NA,NA,NA,NA,NA,NA,NA,NA,NA,NA,NA,NA,NA,NA,NA,NA,NA,NA,NA,NA,NA,NA,NA,NA,NA,NA,NA,NA,NA,NA,NA,NA,NA,NA,NA,NA,NA,NA,NA,NA,NA,NA,NA,NA,NA,NA,NA,NA,NA,NA,NA,NA,NA,NA
E00148903,E07000189,South Somerset,E12000009,South West,310,1,1a,1a3,0.780769965,0.736979923,0.670136516,0.780769965,2.117224957,2.386284002,1.887959768,1.326941907,1.167287847,1.711232952,1.378881335,0.736979923,0.858063441,0.999989938,NA,NA,NA,NA,NA,NA,NA,NA,NA,NA,NA,NA,NA,NA,NA,NA,NA,NA,NA,NA,NA,NA,NA,0.820841109,0.824707829,0.670136516,0.863066597,NA,NA,NA,NA,NA,NA,NA,NA,NA,NA,NA,NA,NA,NA,NA,NA,NA,NA,NA,NA,NA,NA,NA,NA,NA,NA,NA,NA,NA,NA,NA,NA,NA,NA,NA,NA,NA,NA,NA,NA,NA,NA,NA,NA,NA,NA,NA,NA,NA,NA,NA,NA,NA,NA,NA,NA,NA,NA,NA,NA,NA,NA,NA,NA,NA,NA,NA,NA,NA,NA,NA,NA
E00148904,E07000189,South Somerset,E12000009,South West,244,1,1b,1b2,0.585718477,0.550042301,0.565625552,0.585718477,1.991244095,2.181434871,1.672430713,1.034310505,0.989876594,1.44879583,1.055105243,0.726346535,0.550042301,0.810683621,NA,NA,NA,NA,NA,NA,NA,NA,NA,NA,NA,NA,NA,NA,NA,NA,NA,NA,NA,NA,NA,NA,NA,NA,NA,NA,NA,0.615160919,0.565625552,0.6122898,NA,NA,NA,NA,NA,NA,NA,NA,NA,NA,NA,NA,NA,NA,NA,NA,NA,NA,NA,NA,NA,NA,NA,NA,NA,NA,NA,NA,NA,NA,NA,NA,NA,NA,NA,NA,NA,NA,NA,NA,NA,NA,NA,NA,NA,NA,NA,NA,NA,NA,NA,NA,NA,NA,NA,NA,NA,NA,NA,NA,NA,NA,NA,NA,NA,NA,NA,NA,NA
E00148905,E07000189,South Somerset,E12000009,South West,265,1,1a,1a3,0.516253052,0.566443248,0.539725795,0.516253052,1.945427304,2.155344756,1.630188672,1.018125015,0.869908807,1.542342836,1.161949244,0.566443248,0.57257524,0.748498968,NA,NA,NA,NA,NA,NA,NA,NA,NA,NA,NA,NA,NA,NA,NA,NA,NA,NA,NA,NA,NA,NA,NA,0.763265009,0.553435592,0.539725795,0.700610975,NA,NA,NA,NA,NA,NA,NA,NA,NA,NA,NA,NA,NA,NA,NA,NA,NA,NA,NA,NA,NA,NA,NA,NA,NA,NA,NA,NA,NA,NA,NA,NA,NA,NA,NA,NA,NA,NA,NA,NA,NA,NA,NA,NA,NA,NA,NA,NA,NA,NA,NA,NA,NA,NA,NA,NA,NA,NA,NA,NA,NA,NA,NA,NA,NA,NA,NA,NA,NA,NA,NA,NA
E00148906,E07000189,South Somerset,E12000009,South West,239,8,8a,8a2,0.748245109,0.719798321,0.74257631,1.162745527,1.933079772,1.965223521,1.476909345,1.108082211,1.219835639,1.176016749,0.748245109,NA,NA,NA,NA,NA,NA,NA,NA,NA,NA,NA,NA,NA,NA,NA,NA,NA,NA,NA,NA,NA,NA,0.719798321,0.865635768,0.8282126,0.837763947,NA,NA,NA,NA,NA,NA,NA,NA,NA,NA,NA,NA,NA,NA,NA,NA,NA,NA,NA,NA,NA,NA,NA,NA,NA,NA,NA,NA,NA,NA,NA,NA,NA,NA,NA,NA,NA,NA,NA,NA,NA,NA,NA,NA,NA,NA,NA,NA,NA,NA,NA,NA,NA,NA,NA,NA,NA,NA,NA,NA,NA,NA,NA,NA,NA,NA,0.750124229,0.74257631,NA,NA,NA,NA,NA,NA,NA,NA
E00148907,E07000189,South Somerset,E12000009,South West,326,8,8a,8a2,0.550715815,0.531383776,0.562443638,1.103252709,1.844282935,1.874865139,1.356247635,0.966393471,1.110856438,1.072463186,0.550715815,NA,NA,NA,NA,NA,NA,NA,NA,NA,NA,NA,NA,NA,NA,NA,NA,NA,NA,NA,NA,NA,NA,0.531383776,0.68493135,0.662245952,0.657060432,NA,NA,NA,NA,NA,NA,NA,NA,NA,NA,NA,NA,NA,NA,NA,NA,NA,NA,NA,NA,NA,NA,NA,NA,NA,NA,NA,NA,NA,NA,NA,NA,NA,NA,NA,NA,NA,NA,NA,NA,NA,NA,NA,NA,NA,NA,NA,NA,NA,NA,NA,NA,NA,NA,NA,NA,NA,NA,NA,NA,NA,NA,NA,NA,NA,NA,0.571338561,0.562443638,NA,NA,NA,NA,NA,NA,NA,NA
E00148908,E07000189,South Somerset,E12000009,South West,267,6,6b,6b3,0.795851059,0.765520539,0.700844149,0.877652469,1.981075492,2.242500879,1.736948116,1.101506723,0.795851059,1.514259374,1.13248798,NA,NA,NA,NA,NA,NA,NA,NA,NA,NA,NA,NA,NA,NA,NA,NA,0.909173849,0.765520539,NA,NA,NA,NA,NA,NA,NA,NA,NA,NA,NA,NA,NA,NA,NA,NA,NA,NA,NA,NA,NA,NA,NA,NA,NA,NA,NA,NA,NA,NA,NA,NA,NA,NA,NA,NA,NA,NA,NA,NA,NA,NA,NA,NA,NA,NA,NA,NA,NA,NA,NA,NA,NA,NA,NA,NA,NA,0.974838346,0.876673209,0.700844149,0.769761183,NA,NA,NA,NA,NA,NA,NA,NA,NA,NA,NA,NA,NA,NA,NA,NA,NA,NA,NA,NA,NA,NA,NA
E00148909,E07000189,South Somerset,E12000009,South West,170,7,7a,7a1,1.352438299,1.313339989,1.164090697,1.741940552,1.576309047,1.724526638,1.570703786,1.393397493,1.716789737,1.352438299,1.572085221,NA,NA,NA,NA,NA,NA,NA,NA,NA,NA,NA,NA,NA,NA,NA,NA,NA,NA,1.313339989,1.434104194,1.480727171,1.478188864,NA,NA,NA,NA,NA,NA,NA,NA,NA,NA,NA,NA,NA,NA,NA,NA,NA,NA,NA,NA,NA,NA,NA,NA,NA,NA,NA,NA,NA,NA,NA,NA,NA,NA,NA,NA,NA,NA,NA,NA,NA,NA,NA,NA,NA,NA,NA,NA,NA,NA,NA,NA,NA,NA,NA,NA,NA,1.164090697,1.318440806,1.461311864,NA,NA,NA,NA,NA,NA,NA,NA,NA,NA,NA,NA,NA,NA,NA,NA,NA,NA,NA,NA
E00148910,E07000189,South Somerset,E12000009,South West,249,5,5b,5b3,0.998279346,0.996331038,0.98923489,1.142067214,1.740021481,1.953068813,1.430137211,0.998279346,1.022094578,1.295164306,1.105061385,NA,NA,NA,NA,NA,NA,NA,NA,NA,NA,NA,NA,NA,NA,1.051408706,0.996331038,NA,NA,NA,NA,NA,NA,NA,NA,NA,NA,NA,NA,NA,NA,NA,NA,NA,NA,NA,NA,NA,NA,NA,NA,NA,NA,NA,NA,NA,NA,NA,NA,NA,NA,NA,NA,NA,NA,NA,NA,NA,NA,NA,NA,NA,NA,NA,NA,NA,NA,NA,NA,1.065938185,1.153282174,0.98923489,NA,NA,NA,NA,NA,NA,NA,NA,NA,NA,NA,NA,NA,NA,NA,NA,NA,NA,NA,NA,NA,NA,NA,NA,NA,NA,NA,NA,NA,NA,NA
E00148911,E07000189,South Somerset,E12000009,South West,355,8,8d,8d3,0.740645772,0.751108016,0.700012288,1.275611977,1.575770326,1.613195507,1.148513818,0.958307623,1.230581746,0.86968624,0.740645772,NA,NA,NA,NA,NA,NA,NA,NA,NA,NA,NA,NA,NA,NA,NA,NA,NA,NA,NA,NA,NA,NA,0.833465147,0.889444847,0.755852986,0.751108016,NA,NA,NA,NA,NA,NA,NA,NA,NA,NA,NA,NA,NA,NA,NA,NA,NA,NA,NA,NA,NA,NA,NA,NA,NA,NA,NA,NA,NA,NA,NA,NA,NA,NA,NA,NA,NA,NA,NA,NA,NA,NA,NA,NA,NA,NA,NA,NA,NA,NA,NA,NA,NA,NA,NA,NA,NA,NA,NA,NA,NA,NA,NA,NA,NA,NA,NA,NA,NA,NA,NA,NA,NA,0.82784561,0.81968182,0.700012288
E00148912,E07000189,South Somerset,E12000009,South West,377,5,5b,5b3,0.853694761,0.846187479,0.779436003,0.945944063,1.702744415,1.901746382,1.360170682,0.853694761,0.995585545,1.24349649,0.975514201,NA,NA,NA,NA,NA,NA,NA,NA,NA,NA,NA,NA,NA,NA,0.919280569,0.846187479,NA,NA,NA,NA,NA,NA,NA,NA,NA,NA,NA,NA,NA,NA,NA,NA,NA,NA,NA,NA,NA,NA,NA,NA,NA,NA,NA,NA,NA,NA,NA,NA,NA,NA,NA,NA,NA,NA,NA,NA,NA,NA,NA,NA,NA,NA,NA,NA,NA,NA,NA,NA,0.991051205,1.048842073,0.779436003,NA,NA,NA,NA,NA,NA,NA,NA,NA,NA,NA,NA,NA,NA,NA,NA,NA,NA,NA,NA,NA,NA,NA,NA,NA,NA,NA,NA,NA,NA,NA
E00148913,E07000189,South Somerset,E12000009,South West,300,1,1b,1b3,0.973433693,0.934256145,0.8704111,0.973433693,1.858309532,1.983425413,1.555856705,1.07424055,1.003409871,1.234766023,0.975425696,1.094696757,0.934256145,1.096463071,NA,NA,NA,NA,NA,NA,NA,NA,NA,NA,NA,NA,NA,NA,NA,NA,NA,NA,NA,NA,NA,NA,NA,NA,NA,NA,NA,0.930523218,1.05893923,0.8704111,NA,NA,NA,NA,NA,NA,NA,NA,NA,NA,NA,NA,NA,NA,NA,NA,NA,NA,NA,NA,NA,NA,NA,NA,NA,NA,NA,NA,NA,NA,NA,NA,NA,NA,NA,NA,NA,NA,NA,NA,NA,NA,NA,NA,NA,NA,NA,NA,NA,NA,NA,NA,NA,NA,NA,NA,NA,NA,NA,NA,NA,NA,NA,NA,NA,NA,NA,NA,NA
E00148914,E07000189,South Somerset,E12000009,South West,360,8,8d,8d3,0.752290267,0.687851136,0.637254347,1.420619284,1.701200645,1.677592321,1.281580439,1.130464331,1.493201774,0.866488362,0.752290267,NA,NA,NA,NA,NA,NA,NA,NA,NA,NA,NA,NA,NA,NA,NA,NA,NA,NA,NA,NA,NA,NA,0.917415762,0.864405234,0.777629505,0.687851136,NA,NA,NA,NA,NA,NA,NA,NA,NA,NA,NA,NA,NA,NA,NA,NA,NA,NA,NA,NA,NA,NA,NA,NA,NA,NA,NA,NA,NA,NA,NA,NA,NA,NA,NA,NA,NA,NA,NA,NA,NA,NA,NA,NA,NA,NA,NA,NA,NA,NA,NA,NA,NA,NA,NA,NA,NA,NA,NA,NA,NA,NA,NA,NA,NA,NA,NA,NA,NA,NA,NA,NA,NA,0.708340939,0.806531624,0.637254347
E00148915,E07000189,South Somerset,E12000009,South West,164,7,7c,7c3,0.896084826,0.847804894,0.863811276,1.547706047,1.704347445,1.684950281,1.436956061,1.220510689,1.590252343,0.896084826,0.976545794,NA,NA,NA,NA,NA,NA,NA,NA,NA,NA,NA,NA,NA,NA,NA,NA,NA,NA,0.917154641,1.200292889,0.847804894,1.198813163,NA,NA,NA,NA,NA,NA,NA,NA,NA,NA,NA,NA,NA,NA,NA,NA,NA,NA,NA,NA,NA,NA,NA,NA,NA,NA,NA,NA,NA,NA,NA,NA,NA,NA,NA,NA,NA,NA,NA,NA,NA,NA,NA,NA,NA,NA,NA,NA,NA,NA,NA,NA,NA,NA,NA,NA,NA,NA,NA,NA,NA,NA,NA,0.920084263,0.88287664,0.863811276,NA,NA,NA,NA,NA,NA,NA,NA,NA,NA,NA,NA,NA,NA
E00148916,E07000189,South Somerset,E12000009,South West,236,8,8c,8c3,0.927318479,0.876486774,0.880153298,1.364490433,1.818701042,1.90679118,1.494379056,1.141450751,1.425293414,1.059844467,0.927318479,NA,NA,NA,NA,NA,NA,NA,NA,NA,NA,NA,NA,NA,NA,NA,NA,NA,NA,NA,NA,NA,NA,1.036225158,0.979987621,0.876486774,1.032272932,NA,NA,NA,NA,NA,NA,NA,NA,NA,NA,NA,NA,NA,NA,NA,NA,NA,NA,NA,NA,NA,NA,NA,NA,NA,NA,NA,NA,NA,NA,NA,NA,NA,NA,NA,NA,NA,NA,NA,NA,NA,NA,NA,NA,NA,NA,NA,NA,NA,NA,NA,NA,NA,NA,NA,NA,NA,NA,NA,NA,NA,NA,NA,NA,NA,NA,NA,NA,NA,NA,0.933108704,0.882671673,0.880153298,NA,NA,NA
E00148917,E07000189,South Somerset,E12000009,South West,327,8,8d,8d3,0.737699189,0.650221437,0.521484605,1.342879375,1.659628749,1.607417171,1.120359328,1.037327886,1.424878268,0.891776597,0.737699189,NA,NA,NA,NA,NA,NA,NA,NA,NA,NA,NA,NA,NA,NA,NA,NA,NA,NA,NA,NA,NA,NA,0.890356677,0.87838258,0.773163482,0.650221437,NA,NA,NA,NA,NA,NA,NA,NA,NA,NA,NA,NA,NA,NA,NA,NA,NA,NA,NA,NA,NA,NA,NA,NA,NA,NA,NA,NA,NA,NA,NA,NA,NA,NA,NA,NA,NA,NA,NA,NA,NA,NA,NA,NA,NA,NA,NA,NA,NA,NA,NA,NA,NA,NA,NA,NA,NA,NA,NA,NA,NA,NA,NA,NA,NA,NA,NA,NA,NA,NA,NA,NA,NA,0.701378505,0.784055883,0.521484605
E00148918,E07000189,South Somerset,E12000009,South West,306,5,5a,5a3,0.992050972,1.01282861,1.031611646,1.323836634,1.594851432,1.712068521,1.208077076,0.992050972,1.313074196,1.17797996,1.088321301,NA,NA,NA,NA,NA,NA,NA,NA,NA,NA,NA,NA,NA,NA,1.01282861,1.030101277,NA,NA,NA,NA,NA,NA,NA,NA,NA,NA,NA,NA,NA,NA,NA,NA,NA,NA,NA,NA,NA,NA,NA,NA,NA,NA,NA,NA,NA,NA,NA,NA,NA,NA,NA,NA,NA,NA,NA,NA,NA,NA,NA,NA,NA,NA,NA,NA,NA,1.057323135,1.073826489,1.031611646,NA,NA,NA,NA,NA,NA,NA,NA,NA,NA,NA,NA,NA,NA,NA,NA,NA,NA,NA,NA,NA,NA,NA,NA,NA,NA,NA,NA,NA,NA,NA,NA,NA,NA
E00148919,E07000189,South Somerset,E12000009,South West,288,5,5b,5b3,0.905870977,0.830933965,0.779141947,1.166504252,1.629429736,1.749265866,1.320251437,0.905870977,1.182865671,1.0232077,0.956381804,NA,NA,NA,NA,NA,NA,NA,NA,NA,NA,NA,NA,NA,NA,1.017123514,0.830933965,NA,NA,NA,NA,NA,NA,NA,NA,NA,NA,NA,NA,NA,NA,NA,NA,NA,NA,NA,NA,NA,NA,NA,NA,NA,NA,NA,NA,NA,NA,NA,NA,NA,NA,NA,NA,NA,NA,NA,NA,NA,NA,NA,NA,NA,NA,NA,NA,NA,NA,NA,NA,0.989213982,0.998263854,0.779141947,NA,NA,NA,NA,NA,NA,NA,NA,NA,NA,NA,NA,NA,NA,NA,NA,NA,NA,NA,NA,NA,NA,NA,NA,NA,NA,NA,NA,NA,NA,NA
E00148920,E07000189,South Somerset,E12000009,South West,341,5,5b,5b2,0.952240812,0.957562655,0.757580102,1.322233742,1.56935413,1.674639589,1.265406352,0.952240812,1.400807646,1.112470354,1.001232088,NA,NA,NA,NA,NA,NA,NA,NA,NA,NA,NA,NA,NA,NA,1.001984629,0.957562655,NA,NA,NA,NA,NA,NA,NA,NA,NA,NA,NA,NA,NA,NA,NA,NA,NA,NA,NA,NA,NA,NA,NA,NA,NA,NA,NA,NA,NA,NA,NA,NA,NA,NA,NA,NA,NA,NA,NA,NA,NA,NA,NA,NA,NA,NA,NA,NA,NA,NA,NA,NA,1.21066017,0.757580102,0.998556335,NA,NA,NA,NA,NA,NA,NA,NA,NA,NA,NA,NA,NA,NA,NA,NA,NA,NA,NA,NA,NA,NA,NA,NA,NA,NA,NA,NA,NA,NA,NA
E00148921,E07000189,South Somerset,E12000009,South West,335,8,8a,8a1,0.776345244,0.777992673,0.753348688,1.157768224,1.789575907,1.896217183,1.259077805,0.975660606,1.157529796,1.202032806,0.776345244,NA,NA,NA,NA,NA,NA,NA,NA,NA,NA,NA,NA,NA,NA,NA,NA,NA,NA,NA,NA,NA,NA,0.777992673,0.826951052,0.869587001,0.870158016,NA,NA,NA,NA,NA,NA,NA,NA,NA,NA,NA,NA,NA,NA,NA,NA,NA,NA,NA,NA,NA,NA,NA,NA,NA,NA,NA,NA,NA,NA,NA,NA,NA,NA,NA,NA,NA,NA,NA,NA,NA,NA,NA,NA,NA,NA,NA,NA,NA,NA,NA,NA,NA,NA,NA,NA,NA,NA,NA,NA,NA,NA,NA,NA,NA,NA,0.753348688,0.862662709,NA,NA,NA,NA,NA,NA,NA,NA
E00148922,E07000189,South Somerset,E12000009,South West,292,5,5a,5a3,0.888219603,0.851416498,0.816661068,1.289175424,1.452794206,1.689913593,1.144442923,0.888219603,1.313145778,1.162090109,1.011949509,NA,NA,NA,NA,NA,NA,NA,NA,NA,NA,NA,NA,NA,NA,0.851416498,0.996450341,NA,NA,NA,NA,NA,NA,NA,NA,NA,NA,NA,NA,NA,NA,NA,NA,NA,NA,NA,NA,NA,NA,NA,NA,NA,NA,NA,NA,NA,NA,NA,NA,NA,NA,NA,NA,NA,NA,NA,NA,NA,NA,NA,NA,NA,NA,NA,NA,NA,0.921268747,0.955731515,0.816661068,NA,NA,NA,NA,NA,NA,NA,NA,NA,NA,NA,NA,NA,NA,NA,NA,NA,NA,NA,NA,NA,NA,NA,NA,NA,NA,NA,NA,NA,NA,NA,NA,NA,NA
E00148923,E07000189,South Somerset,E12000009,South West,269,5,5a,5a3,1.143155121,1.084384872,0.941632904,1.63813518,1.401464119,1.562856726,1.179454893,1.143155121,1.649639756,1.239241521,1.307434897,NA,NA,NA,NA,NA,NA,NA,NA,NA,NA,NA,NA,NA,NA,1.084384872,1.261423119,NA,NA,NA,NA,NA,NA,NA,NA,NA,NA,NA,NA,NA,NA,NA,NA,NA,NA,NA,NA,NA,NA,NA,NA,NA,NA,NA,NA,NA,NA,NA,NA,NA,NA,NA,NA,NA,NA,NA,NA,NA,NA,NA,NA,NA,NA,NA,NA,NA,1.208541255,1.185073058,0.941632904,NA,NA,NA,NA,NA,NA,NA,NA,NA,NA,NA,NA,NA,NA,NA,NA,NA,NA,NA,NA,NA,NA,NA,NA,NA,NA,NA,NA,NA,NA,NA,NA,NA,NA
E00148924,E07000189,South Somerset,E12000009,South West,324,4,4a,4a2,1.056265919,1.024594068,0.846828044,1.543920752,1.341573057,1.453128244,1.056265919,1.110816306,1.633151972,1.174112518,1.238314845,NA,NA,NA,NA,NA,NA,NA,NA,NA,NA,NA,1.024594068,1.220651249,1.197064523,NA,NA,NA,NA,NA,NA,NA,NA,NA,NA,NA,NA,NA,NA,NA,NA,NA,NA,NA,NA,NA,NA,NA,NA,NA,NA,NA,NA,NA,NA,NA,NA,NA,NA,NA,NA,NA,NA,NA,NA,NA,NA,NA,1.124558461,0.846828044,1.207165939,NA,NA,NA,NA,NA,NA,NA,NA,NA,NA,NA,NA,NA,NA,NA,NA,NA,NA,NA,NA,NA,NA,NA,NA,NA,NA,NA,NA,NA,NA,NA,NA,NA,NA,NA,NA,NA,NA,NA,NA,NA,NA
E00148925,E07000189,South Somerset,E12000009,South West,297,4,4a,4a2,1.034762783,1.003801694,0.891855858,1.654178907,1.364998048,1.332642091,1.034762783,1.228948849,1.744565578,1.183710668,1.35027848,NA,NA,NA,NA,NA,NA,NA,NA,NA,NA,NA,1.003801694,1.182207873,1.19527072,NA,NA,NA,NA,NA,NA,NA,NA,NA,NA,NA,NA,NA,NA,NA,NA,NA,NA,NA,NA,NA,NA,NA,NA,NA,NA,NA,NA,NA,NA,NA,NA,NA,NA,NA,NA,NA,NA,NA,NA,NA,NA,NA,1.078332917,0.891855858,1.167164723,NA,NA,NA,NA,NA,NA,NA,NA,NA,NA,NA,NA,NA,NA,NA,NA,NA,NA,NA,NA,NA,NA,NA,NA,NA,NA,NA,NA,NA,NA,NA,NA,NA,NA,NA,NA,NA,NA,NA,NA,NA,NA
E00148926,E07000189,South Somerset,E12000009,South West,301,4,4a,4a2,1.195370108,1.159662133,0.970109775,1.661667924,1.443449267,1.558476569,1.195370108,1.233342578,1.681162878,1.327363123,1.352847695,NA,NA,NA,NA,NA,NA,NA,NA,NA,NA,NA,1.159662133,1.358045114,1.318270192,NA,NA,NA,NA,NA,NA,NA,NA,NA,NA,NA,NA,NA,NA,NA,NA,NA,NA,NA,NA,NA,NA,NA,NA,NA,NA,NA,NA,NA,NA,NA,NA,NA,NA,NA,NA,NA,NA,NA,NA,NA,NA,NA,1.276897254,0.970109775,1.314929523,NA,NA,NA,NA,NA,NA,NA,NA,NA,NA,NA,NA,NA,NA,NA,NA,NA,NA,NA,NA,NA,NA,NA,NA,NA,NA,NA,NA,NA,NA,NA,NA,NA,NA,NA,NA,NA,NA,NA,NA,NA,NA
E00148927,E07000189,South Somerset,E12000009,South West,207,7,7a,7a1,1.321949578,1.239175939,1.090099869,1.939547318,1.461664065,1.648396906,1.558274609,1.518148604,2.012188281,1.321949578,1.625669698,NA,NA,NA,NA,NA,NA,NA,NA,NA,NA,NA,NA,NA,NA,NA,NA,NA,NA,1.239175939,1.424427772,1.498666107,1.397189651,NA,NA,NA,NA,NA,NA,NA,NA,NA,NA,NA,NA,NA,NA,NA,NA,NA,NA,NA,NA,NA,NA,NA,NA,NA,NA,NA,NA,NA,NA,NA,NA,NA,NA,NA,NA,NA,NA,NA,NA,NA,NA,NA,NA,NA,NA,NA,NA,NA,NA,NA,NA,NA,NA,NA,NA,NA,1.090099869,1.188372726,1.429570107,NA,NA,NA,NA,NA,NA,NA,NA,NA,NA,NA,NA,NA,NA,NA,NA,NA,NA,NA,NA
E00148928,E07000189,South Somerset,E12000009,South West,387,7,7a,7a1,0.985673211,0.918127977,0.808414918,1.391308416,1.303099052,1.534373166,1.323376073,1.013285809,1.487627766,0.985673211,1.191412247,NA,NA,NA,NA,NA,NA,NA,NA,NA,NA,NA,NA,NA,NA,NA,NA,NA,NA,0.918127977,1.267313777,1.127450794,1.006264828,NA,NA,NA,NA,NA,NA,NA,NA,NA,NA,NA,NA,NA,NA,NA,NA,NA,NA,NA,NA,NA,NA,NA,NA,NA,NA,NA,NA,NA,NA,NA,NA,NA,NA,NA,NA,NA,NA,NA,NA,NA,NA,NA,NA,NA,NA,NA,NA,NA,NA,NA,NA,NA,NA,NA,NA,NA,0.808414918,0.867945849,1.112889104,NA,NA,NA,NA,NA,NA,NA,NA,NA,NA,NA,NA,NA,NA,NA,NA,NA,NA,NA,NA
E00148929,E07000189,South Somerset,E12000009,South West,329,7,7a,7a1,1.116616129,1.013512177,0.908177079,1.784923304,1.251965363,1.239804727,1.323655865,1.384319272,1.892207171,1.116616129,1.471684417,NA,NA,NA,NA,NA,NA,NA,NA,NA,NA,NA,NA,NA,NA,NA,NA,NA,NA,1.013512177,1.181089072,1.314397599,1.304530888,NA,NA,NA,NA,NA,NA,NA,NA,NA,NA,NA,NA,NA,NA,NA,NA,NA,NA,NA,NA,NA,NA,NA,NA,NA,NA,NA,NA,NA,NA,NA,NA,NA,NA,NA,NA,NA,NA,NA,NA,NA,NA,NA,NA,NA,NA,NA,NA,NA,NA,NA,NA,NA,NA,NA,NA,NA,0.908177079,1.006988024,1.16981356,NA,NA,NA,NA,NA,NA,NA,NA,NA,NA,NA,NA,NA,NA,NA,NA,NA,NA,NA,NA
E00148930,E07000189,South Somerset,E12000009,South West,386,7,7a,7a1,1.431544835,1.294783499,1.141771365,2.079714393,1.441866721,1.454782076,1.478135921,1.657883392,2.183984015,1.431544835,1.737972051,NA,NA,NA,NA,NA,NA,NA,NA,NA,NA,NA,NA,NA,NA,NA,NA,NA,NA,1.294783499,1.505326338,1.61228049,1.623111289,NA,NA,NA,NA,NA,NA,NA,NA,NA,NA,NA,NA,NA,NA,NA,NA,NA,NA,NA,NA,NA,NA,NA,NA,NA,NA,NA,NA,NA,NA,NA,NA,NA,NA,NA,NA,NA,NA,NA,NA,NA,NA,NA,NA,NA,NA,NA,NA,NA,NA,NA,NA,NA,NA,NA,NA,NA,1.141771365,1.282233581,1.457883268,NA,NA,NA,NA,NA,NA,NA,NA,NA,NA,NA,NA,NA,NA,NA,NA,NA,NA,NA,NA
E00148931,E07000189,South Somerset,E12000009,South West,290,7,7a,7a2,0.82742623,0.740123837,0.670301954,1.305806886,1.254937769,1.421592085,1.220093089,0.905773116,1.450806141,0.82742623,1.016403949,NA,NA,NA,NA,NA,NA,NA,NA,NA,NA,NA,NA,NA,NA,NA,NA,NA,NA,0.740123837,1.171780033,0.941892469,0.969104275,NA,NA,NA,NA,NA,NA,NA,NA,NA,NA,NA,NA,NA,NA,NA,NA,NA,NA,NA,NA,NA,NA,NA,NA,NA,NA,NA,NA,NA,NA,NA,NA,NA,NA,NA,NA,NA,NA,NA,NA,NA,NA,NA,NA,NA,NA,NA,NA,NA,NA,NA,NA,NA,NA,NA,NA,NA,0.687972585,0.670301954,0.942426227,NA,NA,NA,NA,NA,NA,NA,NA,NA,NA,NA,NA,NA,NA,NA,NA,NA,NA,NA,NA
E00148932,E07000189,South Somerset,E12000009,South West,233,7,7a,7a2,1.10776356,1.050760901,0.948554294,1.742947414,1.333509804,1.559140221,1.43573951,1.29980148,1.836556613,1.10776356,1.389020098,NA,NA,NA,NA,NA,NA,NA,NA,NA,NA,NA,NA,NA,NA,NA,NA,NA,NA,1.050760901,1.320000152,1.258097243,1.123766422,NA,NA,NA,NA,NA,NA,NA,NA,NA,NA,NA,NA,NA,NA,NA,NA,NA,NA,NA,NA,NA,NA,NA,NA,NA,NA,NA,NA,NA,NA,NA,NA,NA,NA,NA,NA,NA,NA,NA,NA,NA,NA,NA,NA,NA,NA,NA,NA,NA,NA,NA,NA,NA,NA,NA,NA,NA,1.001256308,0.948554294,1.24262856,NA,NA,NA,NA,NA,NA,NA,NA,NA,NA,NA,NA,NA,NA,NA,NA,NA,NA,NA,NA
E00148933,E07000189,South Somerset,E12000009,South West,365,8,8b,8b1,0.700228861,0.626163549,0.65996838,1.232498722,1.8333256,1.935600339,1.435043781,1.080929414,1.241441667,1.140732819,0.700228861,NA,NA,NA,NA,NA,NA,NA,NA,NA,NA,NA,NA,NA,NA,NA,NA,NA,NA,NA,NA,NA,NA,0.727082577,0.626163549,0.86421498,0.797584203,NA,NA,NA,NA,NA,NA,NA,NA,NA,NA,NA,NA,NA,NA,NA,NA,NA,NA,NA,NA,NA,NA,NA,NA,NA,NA,NA,NA,NA,NA,NA,NA,NA,NA,NA,NA,NA,NA,NA,NA,NA,NA,NA,NA,NA,NA,NA,NA,NA,NA,NA,NA,NA,NA,NA,NA,NA,NA,NA,NA,NA,NA,NA,NA,NA,NA,NA,NA,0.65996838,0.685648818,NA,NA,NA,NA,NA,NA
E00148934,E07000189,South Somerset,E12000009,South West,276,8,8c,8c2,0.829529411,0.701535135,0.643936911,1.171421276,1.795231524,1.770382289,1.395399961,1.040027219,1.335006186,0.930822083,0.829529411,NA,NA,NA,NA,NA,NA,NA,NA,NA,NA,NA,NA,NA,NA,NA,NA,NA,NA,NA,NA,NA,NA,0.949514933,1.027549864,0.701535135,0.887755768,NA,NA,NA,NA,NA,NA,NA,NA,NA,NA,NA,NA,NA,NA,NA,NA,NA,NA,NA,NA,NA,NA,NA,NA,NA,NA,NA,NA,NA,NA,NA,NA,NA,NA,NA,NA,NA,NA,NA,NA,NA,NA,NA,NA,NA,NA,NA,NA,NA,NA,NA,NA,NA,NA,NA,NA,NA,NA,NA,NA,NA,NA,NA,NA,NA,NA,NA,NA,NA,NA,0.759292033,0.643936911,0.770217203,NA,NA,NA
E00148935,E07000189,South Somerset,E12000009,South West,293,8,8d,8d1,0.610635914,0.622110148,0.626519576,1.354742198,1.685823272,1.713010942,1.318743572,1.029020573,1.405880582,0.790993104,0.610635914,NA,NA,NA,NA,NA,NA,NA,NA,NA,NA,NA,NA,NA,NA,NA,NA,NA,NA,NA,NA,NA,NA,0.813201148,0.64912309,0.638557646,0.622110148,NA,NA,NA,NA,NA,NA,NA,NA,NA,NA,NA,NA,NA,NA,NA,NA,NA,NA,NA,NA,NA,NA,NA,NA,NA,NA,NA,NA,NA,NA,NA,NA,NA,NA,NA,NA,NA,NA,NA,NA,NA,NA,NA,NA,NA,NA,NA,NA,NA,NA,NA,NA,NA,NA,NA,NA,NA,NA,NA,NA,NA,NA,NA,NA,NA,NA,NA,NA,NA,NA,NA,NA,NA,0.626519576,0.732227934,0.635078687
E00148936,E07000189,South Somerset,E12000009,South West,328,8,8c,8c3,0.791120548,0.765659313,0.751674666,1.348924397,1.913205322,1.884966153,1.472791127,1.161691488,1.410639918,0.99602372,0.791120548,NA,NA,NA,NA,NA,NA,NA,NA,NA,NA,NA,NA,NA,NA,NA,NA,NA,NA,NA,NA,NA,NA,0.896481041,0.90122418,0.765659313,0.855719318,NA,NA,NA,NA,NA,NA,NA,NA,NA,NA,NA,NA,NA,NA,NA,NA,NA,NA,NA,NA,NA,NA,NA,NA,NA,NA,NA,NA,NA,NA,NA,NA,NA,NA,NA,NA,NA,NA,NA,NA,NA,NA,NA,NA,NA,NA,NA,NA,NA,NA,NA,NA,NA,NA,NA,NA,NA,NA,NA,NA,NA,NA,NA,NA,NA,NA,NA,NA,NA,NA,0.823184401,0.8069115,0.751674666,NA,NA,NA
E00148937,E07000189,South Somerset,E12000009,South West,222,8,8c,8c1,0.86604307,0.805044645,0.818208797,1.292207071,1.794799027,1.830835811,1.495690205,1.103261275,1.412766911,0.948821571,0.86604307,NA,NA,NA,NA,NA,NA,NA,NA,NA,NA,NA,NA,NA,NA,NA,NA,NA,NA,NA,NA,NA,NA,1.000908841,0.938749929,0.805044645,0.948489641,NA,NA,NA,NA,NA,NA,NA,NA,NA,NA,NA,NA,NA,NA,NA,NA,NA,NA,NA,NA,NA,NA,NA,NA,NA,NA,NA,NA,NA,NA,NA,NA,NA,NA,NA,NA,NA,NA,NA,NA,NA,NA,NA,NA,NA,NA,NA,NA,NA,NA,NA,NA,NA,NA,NA,NA,NA,NA,NA,NA,NA,NA,NA,NA,NA,NA,NA,NA,NA,NA,0.818208797,0.864867848,0.833451981,NA,NA,NA
E00148938,E07000189,South Somerset,E12000009,South West,330,8,8c,8c2,0.798312982,0.735052797,0.724784998,1.402325699,1.708965569,1.665433418,1.335198401,1.109149032,1.512246977,0.814653371,0.798312982,NA,NA,NA,NA,NA,NA,NA,NA,NA,NA,NA,NA,NA,NA,NA,NA,NA,NA,NA,NA,NA,NA,0.985381819,0.958980567,0.735052797,0.747445018,NA,NA,NA,NA,NA,NA,NA,NA,NA,NA,NA,NA,NA,NA,NA,NA,NA,NA,NA,NA,NA,NA,NA,NA,NA,NA,NA,NA,NA,NA,NA,NA,NA,NA,NA,NA,NA,NA,NA,NA,NA,NA,NA,NA,NA,NA,NA,NA,NA,NA,NA,NA,NA,NA,NA,NA,NA,NA,NA,NA,NA,NA,NA,NA,NA,NA,NA,NA,NA,NA,0.818828927,0.724784998,0.727619983,NA,NA,NA
E00148939,E07000189,South Somerset,E12000009,South West,322,8,8c,8c3,0.687107692,0.638141949,0.656356572,1.223305631,1.879788619,1.858272858,1.422230949,1.061859173,1.279756851,0.965048709,0.687107692,NA,NA,NA,NA,NA,NA,NA,NA,NA,NA,NA,NA,NA,NA,NA,NA,NA,NA,NA,NA,NA,NA,0.78481777,0.885384965,0.638141949,0.732823019,NA,NA,NA,NA,NA,NA,NA,NA,NA,NA,NA,NA,NA,NA,NA,NA,NA,NA,NA,NA,NA,NA,NA,NA,NA,NA,NA,NA,NA,NA,NA,NA,NA,NA,NA,NA,NA,NA,NA,NA,NA,NA,NA,NA,NA,NA,NA,NA,NA,NA,NA,NA,NA,NA,NA,NA,NA,NA,NA,NA,NA,NA,NA,NA,NA,NA,NA,NA,NA,NA,0.691602421,0.671190504,0.656356572,NA,NA,NA
E00148940,E07000189,South Somerset,E12000009,South West,268,8,8c,8c2,0.733133734,0.718378802,0.705401223,1.160612529,1.490497389,1.56721995,1.10317897,0.801325987,1.271802624,0.877643611,0.733133734,NA,NA,NA,NA,NA,NA,NA,NA,NA,NA,NA,NA,NA,NA,NA,NA,NA,NA,NA,NA,NA,NA,0.894797142,0.844159569,0.718378802,0.733173657,NA,NA,NA,NA,NA,NA,NA,NA,NA,NA,NA,NA,NA,NA,NA,NA,NA,NA,NA,NA,NA,NA,NA,NA,NA,NA,NA,NA,NA,NA,NA,NA,NA,NA,NA,NA,NA,NA,NA,NA,NA,NA,NA,NA,NA,NA,NA,NA,NA,NA,NA,NA,NA,NA,NA,NA,NA,NA,NA,NA,NA,NA,NA,NA,NA,NA,NA,NA,NA,NA,0.741772797,0.705401223,0.799310816,NA,NA,NA
E00148941,E07000189,South Somerset,E12000009,South West,319,8,8b,8b1,0.710212429,0.627178978,0.627896508,1.202574242,1.650937054,1.752583705,1.304355192,0.999091338,1.306958078,0.994973679,0.710212429,NA,NA,NA,NA,NA,NA,NA,NA,NA,NA,NA,NA,NA,NA,NA,NA,NA,NA,NA,NA,NA,NA,0.823423016,0.627178978,0.826104112,0.780320688,NA,NA,NA,NA,NA,NA,NA,NA,NA,NA,NA,NA,NA,NA,NA,NA,NA,NA,NA,NA,NA,NA,NA,NA,NA,NA,NA,NA,NA,NA,NA,NA,NA,NA,NA,NA,NA,NA,NA,NA,NA,NA,NA,NA,NA,NA,NA,NA,NA,NA,NA,NA,NA,NA,NA,NA,NA,NA,NA,NA,NA,NA,NA,NA,NA,NA,NA,NA,0.627896508,0.713496938,NA,NA,NA,NA,NA,NA
E00148942,E07000189,South Somerset,E12000009,South West,327,5,5a,5a1,0.914674287,0.860617335,0.851854706,1.178895299,1.659331087,1.825860285,1.242194497,0.914674287,1.153485505,1.285732885,0.999793563,NA,NA,NA,NA,NA,NA,NA,NA,NA,NA,NA,NA,NA,NA,0.860617335,1.038752063,NA,NA,NA,NA,NA,NA,NA,NA,NA,NA,NA,NA,NA,NA,NA,NA,NA,NA,NA,NA,NA,NA,NA,NA,NA,NA,NA,NA,NA,NA,NA,NA,NA,NA,NA,NA,NA,NA,NA,NA,NA,NA,NA,NA,NA,NA,NA,NA,NA,0.851854706,0.967663041,0.917910093,NA,NA,NA,NA,NA,NA,NA,NA,NA,NA,NA,NA,NA,NA,NA,NA,NA,NA,NA,NA,NA,NA,NA,NA,NA,NA,NA,NA,NA,NA,NA,NA,NA,NA
E00148943,E07000189,South Somerset,E12000009,South West,341,5,5b,5b2,0.956850672,0.95044429,0.756666744,1.327842178,1.591984664,1.757498898,1.334608694,0.956850672,1.404039104,1.076809433,1.003940819,NA,NA,NA,NA,NA,NA,NA,NA,NA,NA,NA,NA,NA,NA,1.015575605,0.95044429,NA,NA,NA,NA,NA,NA,NA,NA,NA,NA,NA,NA,NA,NA,NA,NA,NA,NA,NA,NA,NA,NA,NA,NA,NA,NA,NA,NA,NA,NA,NA,NA,NA,NA,NA,NA,NA,NA,NA,NA,NA,NA,NA,NA,NA,NA,NA,NA,NA,NA,NA,NA,1.213206449,0.756666744,0.98287304,NA,NA,NA,NA,NA,NA,NA,NA,NA,NA,NA,NA,NA,NA,NA,NA,NA,NA,NA,NA,NA,NA,NA,NA,NA,NA,NA,NA,NA,NA,NA
E00148944,E07000189,South Somerset,E12000009,South West,246,8,8c,8c1,0.874557552,0.866090099,0.889625133,1.338159639,1.505556188,1.644535397,1.176876083,0.906682915,1.364751242,0.95014176,0.874557552,NA,NA,NA,NA,NA,NA,NA,NA,NA,NA,NA,NA,NA,NA,NA,NA,NA,NA,NA,NA,NA,NA,1.023815474,0.90950985,0.866090099,0.912803927,NA,NA,NA,NA,NA,NA,NA,NA,NA,NA,NA,NA,NA,NA,NA,NA,NA,NA,NA,NA,NA,NA,NA,NA,NA,NA,NA,NA,NA,NA,NA,NA,NA,NA,NA,NA,NA,NA,NA,NA,NA,NA,NA,NA,NA,NA,NA,NA,NA,NA,NA,NA,NA,NA,NA,NA,NA,NA,NA,NA,NA,NA,NA,NA,NA,NA,NA,NA,NA,NA,0.889625133,0.891198072,0.902004179,NA,NA,NA
E00148945,E07000189,South Somerset,E12000009,South West,319,8,8d,8d3,0.926753584,0.924292192,0.768670232,1.24195208,1.708707631,1.691186214,1.178614126,1.028849787,1.339010611,1.172101707,0.926753584,NA,NA,NA,NA,NA,NA,NA,NA,NA,NA,NA,NA,NA,NA,NA,NA,NA,NA,NA,NA,NA,NA,0.986559431,1.05800133,0.955877831,0.924292192,NA,NA,NA,NA,NA,NA,NA,NA,NA,NA,NA,NA,NA,NA,NA,NA,NA,NA,NA,NA,NA,NA,NA,NA,NA,NA,NA,NA,NA,NA,NA,NA,NA,NA,NA,NA,NA,NA,NA,NA,NA,NA,NA,NA,NA,NA,NA,NA,NA,NA,NA,NA,NA,NA,NA,NA,NA,NA,NA,NA,NA,NA,NA,NA,NA,NA,NA,NA,NA,NA,NA,NA,NA,1.040884916,0.990956475,0.768670232
E00148946,E07000189,South Somerset,E12000009,South West,290,5,5a,5a3,1.02813168,0.995904923,0.935378384,1.30892734,1.581546905,1.831238843,1.389040576,1.02813168,1.406149403,1.261811854,1.151044896,NA,NA,NA,NA,NA,NA,NA,NA,NA,NA,NA,NA,NA,NA,0.995904923,1.123601983,NA,NA,NA,NA,NA,NA,NA,NA,NA,NA,NA,NA,NA,NA,NA,NA,NA,NA,NA,NA,NA,NA,NA,NA,NA,NA,NA,NA,NA,NA,NA,NA,NA,NA,NA,NA,NA,NA,NA,NA,NA,NA,NA,NA,NA,NA,NA,NA,NA,0.9982849,1.180023394,0.935378384,NA,NA,NA,NA,NA,NA,NA,NA,NA,NA,NA,NA,NA,NA,NA,NA,NA,NA,NA,NA,NA,NA,NA,NA,NA,NA,NA,NA,NA,NA,NA,NA,NA,NA
E00148947,E07000189,South Somerset,E12000009,South West,269,5,5a,5a3,1.011661266,0.94246894,0.839821844,1.396524276,1.484221597,1.599793556,1.181537259,1.011661266,1.479248884,1.127298344,1.065504225,NA,NA,NA,NA,NA,NA,NA,NA,NA,NA,NA,NA,NA,NA,0.94246894,1.145866203,NA,NA,NA,NA,NA,NA,NA,NA,NA,NA,NA,NA,NA,NA,NA,NA,NA,NA,NA,NA,NA,NA,NA,NA,NA,NA,NA,NA,NA,NA,NA,NA,NA,NA,NA,NA,NA,NA,NA,NA,NA,NA,NA,NA,NA,NA,NA,NA,NA,1.007273845,1.097658544,0.839821844,NA,NA,NA,NA,NA,NA,NA,NA,NA,NA,NA,NA,NA,NA,NA,NA,NA,NA,NA,NA,NA,NA,NA,NA,NA,NA,NA,NA,NA,NA,NA,NA,NA,NA
E00148948,E07000189,South Somerset,E12000009,South West,323,5,5a,5a1,0.748543045,0.715389736,0.695753692,1.137456448,1.506810236,1.785366227,1.297726727,0.748543045,1.172827558,1.107812962,0.916508031,NA,NA,NA,NA,NA,NA,NA,NA,NA,NA,NA,NA,NA,NA,0.715389736,0.863525374,NA,NA,NA,NA,NA,NA,NA,NA,NA,NA,NA,NA,NA,NA,NA,NA,NA,NA,NA,NA,NA,NA,NA,NA,NA,NA,NA,NA,NA,NA,NA,NA,NA,NA,NA,NA,NA,NA,NA,NA,NA,NA,NA,NA,NA,NA,NA,NA,NA,0.695753692,0.92553057,0.697844126,NA,NA,NA,NA,NA,NA,NA,NA,NA,NA,NA,NA,NA,NA,NA,NA,NA,NA,NA,NA,NA,NA,NA,NA,NA,NA,NA,NA,NA,NA,NA,NA,NA,NA
E00148949,E07000189,South Somerset,E12000009,South West,210,7,7a,7a1,0.840423453,0.798684016,0.675250716,1.557452006,1.448964439,1.469448415,1.356382446,1.236900282,1.727022029,0.840423453,1.149613437,NA,NA,NA,NA,NA,NA,NA,NA,NA,NA,NA,NA,NA,NA,NA,NA,NA,NA,0.798684016,1.051467115,0.954599173,1.078932269,NA,NA,NA,NA,NA,NA,NA,NA,NA,NA,NA,NA,NA,NA,NA,NA,NA,NA,NA,NA,NA,NA,NA,NA,NA,NA,NA,NA,NA,NA,NA,NA,NA,NA,NA,NA,NA,NA,NA,NA,NA,NA,NA,NA,NA,NA,NA,NA,NA,NA,NA,NA,NA,NA,NA,NA,NA,0.675250716,0.83689439,0.952533619,NA,NA,NA,NA,NA,NA,NA,NA,NA,NA,NA,NA,NA,NA,NA,NA,NA,NA,NA,NA
E00148950,E07000189,South Somerset,E12000009,South West,329,8,8d,8d3,0.882695521,0.763509691,0.572022423,1.514584816,1.53564852,1.489048071,1.092375286,1.110304516,1.551866775,0.933302063,0.882695521,NA,NA,NA,NA,NA,NA,NA,NA,NA,NA,NA,NA,NA,NA,NA,NA,NA,NA,NA,NA,NA,NA,1.052228752,0.94770456,0.948611032,0.763509691,NA,NA,NA,NA,NA,NA,NA,NA,NA,NA,NA,NA,NA,NA,NA,NA,NA,NA,NA,NA,NA,NA,NA,NA,NA,NA,NA,NA,NA,NA,NA,NA,NA,NA,NA,NA,NA,NA,NA,NA,NA,NA,NA,NA,NA,NA,NA,NA,NA,NA,NA,NA,NA,NA,NA,NA,NA,NA,NA,NA,NA,NA,NA,NA,NA,NA,NA,NA,NA,NA,NA,NA,NA,0.853186203,0.879332711,0.572022423
E00148951,E07000189,South Somerset,E12000009,South West,288,7,7a,7a1,1.073932433,1.023296215,0.863319403,1.784875929,1.318697246,1.466791771,1.413810983,1.340263725,1.818653119,1.073932433,1.443376255,NA,NA,NA,NA,NA,NA,NA,NA,NA,NA,NA,NA,NA,NA,NA,NA,NA,NA,1.023296215,1.16426932,1.265908743,1.146884885,NA,NA,NA,NA,NA,NA,NA,NA,NA,NA,NA,NA,NA,NA,NA,NA,NA,NA,NA,NA,NA,NA,NA,NA,NA,NA,NA,NA,NA,NA,NA,NA,NA,NA,NA,NA,NA,NA,NA,NA,NA,NA,NA,NA,NA,NA,NA,NA,NA,NA,NA,NA,NA,NA,NA,NA,NA,0.863319403,0.997351995,1.213975801,NA,NA,NA,NA,NA,NA,NA,NA,NA,NA,NA,NA,NA,NA,NA,NA,NA,NA,NA,NA
E00148952,E07000189,South Somerset,E12000009,South West,337,5,5b,5b2,1.02370447,0.999300011,0.825626613,1.433233804,1.437381232,1.591345914,1.245319731,1.02370447,1.518331395,1.152470063,1.180147209,NA,NA,NA,NA,NA,NA,NA,NA,NA,NA,NA,NA,NA,NA,1.093026832,0.999300011,NA,NA,NA,NA,NA,NA,NA,NA,NA,NA,NA,NA,NA,NA,NA,NA,NA,NA,NA,NA,NA,NA,NA,NA,NA,NA,NA,NA,NA,NA,NA,NA,NA,NA,NA,NA,NA,NA,NA,NA,NA,NA,NA,NA,NA,NA,NA,NA,NA,NA,NA,NA,1.189290127,0.825626613,1.069517874,NA,NA,NA,NA,NA,NA,NA,NA,NA,NA,NA,NA,NA,NA,NA,NA,NA,NA,NA,NA,NA,NA,NA,NA,NA,NA,NA,NA,NA,NA,NA
E00148953,E07000189,South Somerset,E12000009,South West,239,8,8c,8c2,0.781090473,0.752482114,0.732841335,1.332245109,1.658852875,1.695460985,1.358301063,1.073797795,1.467475359,0.800386707,0.781090473,NA,NA,NA,NA,NA,NA,NA,NA,NA,NA,NA,NA,NA,NA,NA,NA,NA,NA,NA,NA,NA,NA,0.944696062,0.829759092,0.752482114,0.837384877,NA,NA,NA,NA,NA,NA,NA,NA,NA,NA,NA,NA,NA,NA,NA,NA,NA,NA,NA,NA,NA,NA,NA,NA,NA,NA,NA,NA,NA,NA,NA,NA,NA,NA,NA,NA,NA,NA,NA,NA,NA,NA,NA,NA,NA,NA,NA,NA,NA,NA,NA,NA,NA,NA,NA,NA,NA,NA,NA,NA,NA,NA,NA,NA,NA,NA,NA,NA,NA,NA,0.83616078,0.732841335,0.75021826,NA,NA,NA
E00148954,E07000189,South Somerset,E12000009,South West,197,7,7a,7a1,0.854257068,0.787858547,0.730191836,1.546611993,1.599680001,1.634682392,1.33196532,1.176357981,1.623672536,0.854257068,0.981750869,NA,NA,NA,NA,NA,NA,NA,NA,NA,NA,NA,NA,NA,NA,NA,NA,NA,NA,0.787858547,1.194600651,0.889260249,1.132780597,NA,NA,NA,NA,NA,NA,NA,NA,NA,NA,NA,NA,NA,NA,NA,NA,NA,NA,NA,NA,NA,NA,NA,NA,NA,NA,NA,NA,NA,NA,NA,NA,NA,NA,NA,NA,NA,NA,NA,NA,NA,NA,NA,NA,NA,NA,NA,NA,NA,NA,NA,NA,NA,NA,NA,NA,NA,0.730191836,0.827591303,0.91522964,NA,NA,NA,NA,NA,NA,NA,NA,NA,NA,NA,NA,NA,NA,NA,NA,NA,NA,NA,NA
E00148955,E07000189,South Somerset,E12000009,South West,357,8,8d,8d3,0.555932573,0.58798385,0.46681777,1.158592386,1.603546377,1.665603867,1.1752589,0.891696772,1.25158625,0.867349484,0.555932573,NA,NA,NA,NA,NA,NA,NA,NA,NA,NA,NA,NA,NA,NA,NA,NA,NA,NA,NA,NA,NA,NA,0.705856922,0.599675638,0.642746421,0.58798385,NA,NA,NA,NA,NA,NA,NA,NA,NA,NA,NA,NA,NA,NA,NA,NA,NA,NA,NA,NA,NA,NA,NA,NA,NA,NA,NA,NA,NA,NA,NA,NA,NA,NA,NA,NA,NA,NA,NA,NA,NA,NA,NA,NA,NA,NA,NA,NA,NA,NA,NA,NA,NA,NA,NA,NA,NA,NA,NA,NA,NA,NA,NA,NA,NA,NA,NA,NA,NA,NA,NA,NA,NA,0.684823377,0.694096255,0.46681777
E00148956,E07000189,South Somerset,E12000009,South West,412,8,8c,8c2,0.881852257,0.766284886,0.745982124,1.25134407,1.67782212,1.766471524,1.35126554,1.008275273,1.379754881,0.930855526,0.881852257,NA,NA,NA,NA,NA,NA,NA,NA,NA,NA,NA,NA,NA,NA,NA,NA,NA,NA,NA,NA,NA,NA,0.99950929,1.059332436,0.766284886,0.939444715,NA,NA,NA,NA,NA,NA,NA,NA,NA,NA,NA,NA,NA,NA,NA,NA,NA,NA,NA,NA,NA,NA,NA,NA,NA,NA,NA,NA,NA,NA,NA,NA,NA,NA,NA,NA,NA,NA,NA,NA,NA,NA,NA,NA,NA,NA,NA,NA,NA,NA,NA,NA,NA,NA,NA,NA,NA,NA,NA,NA,NA,NA,NA,NA,NA,NA,NA,NA,NA,NA,0.805918749,0.745982124,0.825414762,NA,NA,NA
E00148957,E07000189,South Somerset,E12000009,South West,368,8,8b,8b2,0.60968061,0.572751002,0.59894632,1.235393844,1.764363056,1.836060172,1.364626846,1.029224911,1.266793092,1.026027988,0.60968061,NA,NA,NA,NA,NA,NA,NA,NA,NA,NA,NA,NA,NA,NA,NA,NA,NA,NA,NA,NA,NA,NA,0.682275236,0.572751002,0.761104328,0.684714158,NA,NA,NA,NA,NA,NA,NA,NA,NA,NA,NA,NA,NA,NA,NA,NA,NA,NA,NA,NA,NA,NA,NA,NA,NA,NA,NA,NA,NA,NA,NA,NA,NA,NA,NA,NA,NA,NA,NA,NA,NA,NA,NA,NA,NA,NA,NA,NA,NA,NA,NA,NA,NA,NA,NA,NA,NA,NA,NA,NA,NA,NA,NA,NA,NA,NA,NA,NA,0.651919205,0.59894632,NA,NA,NA,NA,NA,NA
E00148958,E07000189,South Somerset,E12000009,South West,303,6,6a,6a3,1.073935527,0.962317194,0.820636829,1.223855998,2.240172561,2.596942356,2.216363662,1.581924995,1.073935527,1.974977361,1.723124649,NA,NA,NA,NA,NA,NA,NA,NA,NA,NA,NA,NA,NA,NA,NA,NA,0.962317194,1.189035266,NA,NA,NA,NA,NA,NA,NA,NA,NA,NA,NA,NA,NA,NA,NA,NA,NA,NA,NA,NA,NA,NA,NA,NA,NA,NA,NA,NA,NA,NA,NA,NA,NA,NA,NA,NA,NA,NA,NA,NA,NA,NA,NA,NA,NA,NA,NA,NA,NA,NA,NA,NA,NA,1.289815018,1.030957003,0.820636829,1.066278869,NA,NA,NA,NA,NA,NA,NA,NA,NA,NA,NA,NA,NA,NA,NA,NA,NA,NA,NA,NA,NA,NA,NA,NA,NA,NA,NA
E00148959,E07000189,South Somerset,E12000009,South West,234,8,8a,8a1,0.911258948,0.803968125,0.746305702,0.949745409,1.881716779,2.089487102,1.465164085,0.992048869,1.0227207,1.412206313,0.911258948,NA,NA,NA,NA,NA,NA,NA,NA,NA,NA,NA,NA,NA,NA,NA,NA,NA,NA,NA,NA,NA,NA,0.803968125,0.942258204,1.031287911,1.054990954,NA,NA,NA,NA,NA,NA,NA,NA,NA,NA,NA,NA,NA,NA,NA,NA,NA,NA,NA,NA,NA,NA,NA,NA,NA,NA,NA,NA,NA,NA,NA,NA,NA,NA,NA,NA,NA,NA,NA,NA,NA,NA,NA,NA,NA,NA,NA,NA,NA,NA,NA,NA,NA,NA,NA,NA,NA,NA,NA,NA,NA,NA,NA,NA,NA,NA,0.746305702,0.922793446,NA,NA,NA,NA,NA,NA,NA,NA
E00148960,E07000189,South Somerset,E12000009,South West,334,6,6a,6a2,0.816182175,0.730256989,0.678460354,1.054329612,2.114361961,2.417231799,1.964825355,1.338339298,0.816182175,1.850280922,1.501119574,NA,NA,NA,NA,NA,NA,NA,NA,NA,NA,NA,NA,NA,NA,NA,NA,0.730256989,0.926019564,NA,NA,NA,NA,NA,NA,NA,NA,NA,NA,NA,NA,NA,NA,NA,NA,NA,NA,NA,NA,NA,NA,NA,NA,NA,NA,NA,NA,NA,NA,NA,NA,NA,NA,NA,NA,NA,NA,NA,NA,NA,NA,NA,NA,NA,NA,NA,NA,NA,NA,NA,NA,NA,1.019648752,0.678460354,0.686687346,0.901327507,NA,NA,NA,NA,NA,NA,NA,NA,NA,NA,NA,NA,NA,NA,NA,NA,NA,NA,NA,NA,NA,NA,NA,NA,NA,NA,NA
E00148961,E07000189,South Somerset,E12000009,South West,289,6,6b,6b2,0.903405087,0.905253293,0.898709141,1.014079972,1.854988037,2.036003378,1.512972901,1.034630848,0.903405087,1.620584207,1.252606142,NA,NA,NA,NA,NA,NA,NA,NA,NA,NA,NA,NA,NA,NA,NA,NA,0.969587858,0.905253293,NA,NA,NA,NA,NA,NA,NA,NA,NA,NA,NA,NA,NA,NA,NA,NA,NA,NA,NA,NA,NA,NA,NA,NA,NA,NA,NA,NA,NA,NA,NA,NA,NA,NA,NA,NA,NA,NA,NA,NA,NA,NA,NA,NA,NA,NA,NA,NA,NA,NA,NA,NA,NA,NA,NA,NA,NA,0.986528156,0.898709141,1.002790767,0.941936609,NA,NA,NA,NA,NA,NA,NA,NA,NA,NA,NA,NA,NA,NA,NA,NA,NA,NA,NA,NA,NA,NA,NA
E00148962,E07000189,South Somerset,E12000009,South West,243,5,5a,5a3,0.785692364,0.715635023,0.658381306,1.276395542,1.366952241,1.611216976,1.158492278,0.785692364,1.249791145,1.14252484,1.006471171,NA,NA,NA,NA,NA,NA,NA,NA,NA,NA,NA,NA,NA,NA,0.715635023,0.9331468,NA,NA,NA,NA,NA,NA,NA,NA,NA,NA,NA,NA,NA,NA,NA,NA,NA,NA,NA,NA,NA,NA,NA,NA,NA,NA,NA,NA,NA,NA,NA,NA,NA,NA,NA,NA,NA,NA,NA,NA,NA,NA,NA,NA,NA,NA,NA,NA,NA,0.774088134,0.876778762,0.658381306,NA,NA,NA,NA,NA,NA,NA,NA,NA,NA,NA,NA,NA,NA,NA,NA,NA,NA,NA,NA,NA,NA,NA,NA,NA,NA,NA,NA,NA,NA,NA,NA,NA,NA
E00148963,E07000189,South Somerset,E12000009,South West,346,7,7a,7a1,0.902768308,0.722194989,0.635129565,1.387739851,1.445000967,1.501138829,1.136062103,0.98606298,1.502851141,0.902768308,0.90404635,NA,NA,NA,NA,NA,NA,NA,NA,NA,NA,NA,NA,NA,NA,NA,NA,NA,NA,0.722194989,1.282900542,0.954644862,1.259634944,NA,NA,NA,NA,NA,NA,NA,NA,NA,NA,NA,NA,NA,NA,NA,NA,NA,NA,NA,NA,NA,NA,NA,NA,NA,NA,NA,NA,NA,NA,NA,NA,NA,NA,NA,NA,NA,NA,NA,NA,NA,NA,NA,NA,NA,NA,NA,NA,NA,NA,NA,NA,NA,NA,NA,NA,NA,0.635129565,0.744313612,0.883497115,NA,NA,NA,NA,NA,NA,NA,NA,NA,NA,NA,NA,NA,NA,NA,NA,NA,NA,NA,NA
E00148964,E07000189,South Somerset,E12000009,South West,507,5,5b,5b3,0.566050985,0.591711088,0.553798036,0.887777435,1.493015307,1.65373066,1.159251255,0.566050985,0.873616857,1.141525077,0.867360018,NA,NA,NA,NA,NA,NA,NA,NA,NA,NA,NA,NA,NA,NA,0.633533922,0.591711088,NA,NA,NA,NA,NA,NA,NA,NA,NA,NA,NA,NA,NA,NA,NA,NA,NA,NA,NA,NA,NA,NA,NA,NA,NA,NA,NA,NA,NA,NA,NA,NA,NA,NA,NA,NA,NA,NA,NA,NA,NA,NA,NA,NA,NA,NA,NA,NA,NA,NA,NA,NA,0.729253219,0.837824238,0.553798036,NA,NA,NA,NA,NA,NA,NA,NA,NA,NA,NA,NA,NA,NA,NA,NA,NA,NA,NA,NA,NA,NA,NA,NA,NA,NA,NA,NA,NA,NA,NA
E00148965,E07000189,South Somerset,E12000009,South West,307,6,6b,6b3,0.724885931,0.71266847,0.716728249,0.848628568,1.91152124,2.135602924,1.634194457,1.014127632,0.724885931,1.526145276,1.134313229,NA,NA,NA,NA,NA,NA,NA,NA,NA,NA,NA,NA,NA,NA,NA,NA,0.823394196,0.71266847,NA,NA,NA,NA,NA,NA,NA,NA,NA,NA,NA,NA,NA,NA,NA,NA,NA,NA,NA,NA,NA,NA,NA,NA,NA,NA,NA,NA,NA,NA,NA,NA,NA,NA,NA,NA,NA,NA,NA,NA,NA,NA,NA,NA,NA,NA,NA,NA,NA,NA,NA,NA,NA,NA,NA,NA,NA,0.879160641,0.800679788,0.716728249,0.717762338,NA,NA,NA,NA,NA,NA,NA,NA,NA,NA,NA,NA,NA,NA,NA,NA,NA,NA,NA,NA,NA,NA,NA
E00148967,E07000189,South Somerset,E12000009,South West,306,5,5a,5a3,1.019561148,1.012805551,0.898778004,1.421936417,1.44271157,1.670688437,1.296317721,1.019561148,1.48550805,1.100066614,1.129091972,NA,NA,NA,NA,NA,NA,NA,NA,NA,NA,NA,NA,NA,NA,1.012805551,1.08767044,NA,NA,NA,NA,NA,NA,NA,NA,NA,NA,NA,NA,NA,NA,NA,NA,NA,NA,NA,NA,NA,NA,NA,NA,NA,NA,NA,NA,NA,NA,NA,NA,NA,NA,NA,NA,NA,NA,NA,NA,NA,NA,NA,NA,NA,NA,NA,NA,NA,1.076414461,1.170865362,0.898778004,NA,NA,NA,NA,NA,NA,NA,NA,NA,NA,NA,NA,NA,NA,NA,NA,NA,NA,NA,NA,NA,NA,NA,NA,NA,NA,NA,NA,NA,NA,NA,NA,NA,NA
E00148968,E07000189,South Somerset,E12000009,South West,433,5,5b,5b3,0.830152587,0.853770471,0.839737651,1.130121127,1.572817086,1.725097557,1.249123212,0.830152587,1.192462187,1.108046793,0.913125616,NA,NA,NA,NA,NA,NA,NA,NA,NA,NA,NA,NA,NA,NA,0.872773706,0.853770471,NA,NA,NA,NA,NA,NA,NA,NA,NA,NA,NA,NA,NA,NA,NA,NA,NA,NA,NA,NA,NA,NA,NA,NA,NA,NA,NA,NA,NA,NA,NA,NA,NA,NA,NA,NA,NA,NA,NA,NA,NA,NA,NA,NA,NA,NA,NA,NA,NA,NA,NA,NA,1.077430519,0.860097801,0.839737651,NA,NA,NA,NA,NA,NA,NA,NA,NA,NA,NA,NA,NA,NA,NA,NA,NA,NA,NA,NA,NA,NA,NA,NA,NA,NA,NA,NA,NA,NA,NA
E00148969,E07000189,South Somerset,E12000009,South West,335,8,8a,8a1,0.893561808,0.849588766,0.836760519,1.072045634,1.86693302,2.048023147,1.525953978,1.07440634,1.189639439,1.306381133,0.893561808,NA,NA,NA,NA,NA,NA,NA,NA,NA,NA,NA,NA,NA,NA,NA,NA,NA,NA,NA,NA,NA,NA,0.849588766,0.957463514,0.943551991,1.040653407,NA,NA,NA,NA,NA,NA,NA,NA,NA,NA,NA,NA,NA,NA,NA,NA,NA,NA,NA,NA,NA,NA,NA,NA,NA,NA,NA,NA,NA,NA,NA,NA,NA,NA,NA,NA,NA,NA,NA,NA,NA,NA,NA,NA,NA,NA,NA,NA,NA,NA,NA,NA,NA,NA,NA,NA,NA,NA,NA,NA,NA,NA,NA,NA,NA,NA,0.836760519,0.916544204,NA,NA,NA,NA,NA,NA,NA,NA
E00148970,E07000189,South Somerset,E12000009,South West,292,8,8c,8c2,1.04381541,0.9885414,0.885439925,1.346627742,1.602407942,1.742278326,1.331107777,1.097551689,1.502933503,1.075417117,1.04381541,NA,NA,NA,NA,NA,NA,NA,NA,NA,NA,NA,NA,NA,NA,NA,NA,NA,NA,NA,NA,NA,NA,1.17094159,1.127464927,0.9885414,1.084014872,NA,NA,NA,NA,NA,NA,NA,NA,NA,NA,NA,NA,NA,NA,NA,NA,NA,NA,NA,NA,NA,NA,NA,NA,NA,NA,NA,NA,NA,NA,NA,NA,NA,NA,NA,NA,NA,NA,NA,NA,NA,NA,NA,NA,NA,NA,NA,NA,NA,NA,NA,NA,NA,NA,NA,NA,NA,NA,NA,NA,NA,NA,NA,NA,NA,NA,NA,NA,NA,NA,1.050282945,0.885439925,1.055135782,NA,NA,NA
E00148973,E07000189,South Somerset,E12000009,South West,320,6,6b,6b2,0.906247602,0.804174895,0.752359562,0.982479911,1.999657584,2.253606124,1.643619376,1.076033381,0.906247602,1.568532266,1.053863395,NA,NA,NA,NA,NA,NA,NA,NA,NA,NA,NA,NA,NA,NA,NA,NA,1.090093925,0.804174895,NA,NA,NA,NA,NA,NA,NA,NA,NA,NA,NA,NA,NA,NA,NA,NA,NA,NA,NA,NA,NA,NA,NA,NA,NA,NA,NA,NA,NA,NA,NA,NA,NA,NA,NA,NA,NA,NA,NA,NA,NA,NA,NA,NA,NA,NA,NA,NA,NA,NA,NA,NA,NA,NA,NA,NA,NA,0.987328462,0.752359562,0.868537956,0.918609474,NA,NA,NA,NA,NA,NA,NA,NA,NA,NA,NA,NA,NA,NA,NA,NA,NA,NA,NA,NA,NA,NA,NA
E00148974,E07000189,South Somerset,E12000009,South West,286,6,6b,6b2,0.859155661,0.818115745,0.819274223,0.953050354,2.010541635,2.275683215,1.743719288,1.077338797,0.859155661,1.596047513,1.188060737,NA,NA,NA,NA,NA,NA,NA,NA,NA,NA,NA,NA,NA,NA,NA,NA,0.980156261,0.818115745,NA,NA,NA,NA,NA,NA,NA,NA,NA,NA,NA,NA,NA,NA,NA,NA,NA,NA,NA,NA,NA,NA,NA,NA,NA,NA,NA,NA,NA,NA,NA,NA,NA,NA,NA,NA,NA,NA,NA,NA,NA,NA,NA,NA,NA,NA,NA,NA,NA,NA,NA,NA,NA,NA,NA,NA,NA,1.051012102,0.819274223,0.853898938,0.85126344,NA,NA,NA,NA,NA,NA,NA,NA,NA,NA,NA,NA,NA,NA,NA,NA,NA,NA,NA,NA,NA,NA,NA
E00148975,E07000189,South Somerset,E12000009,South West,286,6,6b,6b4,0.861678213,0.846987722,0.836281482,0.961771055,1.865975235,2.10308423,1.52963946,0.970455051,0.861678213,1.500821792,1.187956282,NA,NA,NA,NA,NA,NA,NA,NA,NA,NA,NA,NA,NA,NA,NA,NA,0.95147506,0.846987722,NA,NA,NA,NA,NA,NA,NA,NA,NA,NA,NA,NA,NA,NA,NA,NA,NA,NA,NA,NA,NA,NA,NA,NA,NA,NA,NA,NA,NA,NA,NA,NA,NA,NA,NA,NA,NA,NA,NA,NA,NA,NA,NA,NA,NA,NA,NA,NA,NA,NA,NA,NA,NA,NA,NA,NA,NA,0.95883514,0.882751008,0.923540367,0.836281482,NA,NA,NA,NA,NA,NA,NA,NA,NA,NA,NA,NA,NA,NA,NA,NA,NA,NA,NA,NA,NA,NA,NA
E00148976,E07000189,South Somerset,E12000009,South West,276,6,6b,6b4,0.927034858,0.917440838,0.844655717,0.938408587,1.85654336,2.152263212,1.670015988,0.983694751,0.927034858,1.421326491,1.146112453,NA,NA,NA,NA,NA,NA,NA,NA,NA,NA,NA,NA,NA,NA,NA,NA,1.006028456,0.917440838,NA,NA,NA,NA,NA,NA,NA,NA,NA,NA,NA,NA,NA,NA,NA,NA,NA,NA,NA,NA,NA,NA,NA,NA,NA,NA,NA,NA,NA,NA,NA,NA,NA,NA,NA,NA,NA,NA,NA,NA,NA,NA,NA,NA,NA,NA,NA,NA,NA,NA,NA,NA,NA,NA,NA,NA,NA,1.148841499,0.930529398,0.990893357,0.844655717,NA,NA,NA,NA,NA,NA,NA,NA,NA,NA,NA,NA,NA,NA,NA,NA,NA,NA,NA,NA,NA,NA,NA
E00148977,E07000189,South Somerset,E12000009,South West,313,8,8c,8c1,0.786712663,0.751333936,0.741810209,0.975938903,1.750452424,1.868356539,1.389236927,0.873935251,0.99356442,1.13545889,0.786712663,NA,NA,NA,NA,NA,NA,NA,NA,NA,NA,NA,NA,NA,NA,NA,NA,NA,NA,NA,NA,NA,NA,0.772870227,0.962076079,0.751333936,0.92587612,NA,NA,NA,NA,NA,NA,NA,NA,NA,NA,NA,NA,NA,NA,NA,NA,NA,NA,NA,NA,NA,NA,NA,NA,NA,NA,NA,NA,NA,NA,NA,NA,NA,NA,NA,NA,NA,NA,NA,NA,NA,NA,NA,NA,NA,NA,NA,NA,NA,NA,NA,NA,NA,NA,NA,NA,NA,NA,NA,NA,NA,NA,NA,NA,NA,NA,NA,NA,NA,NA,0.741810209,0.77530968,0.842434681,NA,NA,NA
E00148978,E07000189,South Somerset,E12000009,South West,263,1,1b,1b3,1.027332714,0.952908218,0.849376163,1.027332714,1.861142421,2.046036319,1.656870792,1.040591063,1.125255516,1.255535925,1.099297847,1.21398955,0.952908218,1.051032087,NA,NA,NA,NA,NA,NA,NA,NA,NA,NA,NA,NA,NA,NA,NA,NA,NA,NA,NA,NA,NA,NA,NA,NA,NA,NA,NA,1.038188738,1.008097282,0.849376163,NA,NA,NA,NA,NA,NA,NA,NA,NA,NA,NA,NA,NA,NA,NA,NA,NA,NA,NA,NA,NA,NA,NA,NA,NA,NA,NA,NA,NA,NA,NA,NA,NA,NA,NA,NA,NA,NA,NA,NA,NA,NA,NA,NA,NA,NA,NA,NA,NA,NA,NA,NA,NA,NA,NA,NA,NA,NA,NA,NA,NA,NA,NA,NA,NA,NA,NA,NA,NA
E00148979,E07000189,South Somerset,E12000009,South West,304,6,6b,6b3,0.832698806,0.825550716,0.789973915,1.023400301,2.141629995,2.442151501,1.894292468,1.26539791,0.832698806,1.800235851,1.36488676,NA,NA,NA,NA,NA,NA,NA,NA,NA,NA,NA,NA,NA,NA,NA,NA,0.91548111,0.825550716,NA,NA,NA,NA,NA,NA,NA,NA,NA,NA,NA,NA,NA,NA,NA,NA,NA,NA,NA,NA,NA,NA,NA,NA,NA,NA,NA,NA,NA,NA,NA,NA,NA,NA,NA,NA,NA,NA,NA,NA,NA,NA,NA,NA,NA,NA,NA,NA,NA,NA,NA,NA,NA,NA,NA,NA,NA,1.058626457,0.849681577,0.789973915,0.915642609,NA,NA,NA,NA,NA,NA,NA,NA,NA,NA,NA,NA,NA,NA,NA,NA,NA,NA,NA,NA,NA,NA,NA
E00148980,E07000189,South Somerset,E12000009,South West,307,6,6a,6a3,0.833353836,0.76322279,0.770315358,0.997711686,1.98792582,2.285757239,1.82883253,1.165435733,0.833353836,1.692726411,1.445297607,NA,NA,NA,NA,NA,NA,NA,NA,NA,NA,NA,NA,NA,NA,NA,NA,0.76322279,0.933022841,NA,NA,NA,NA,NA,NA,NA,NA,NA,NA,NA,NA,NA,NA,NA,NA,NA,NA,NA,NA,NA,NA,NA,NA,NA,NA,NA,NA,NA,NA,NA,NA,NA,NA,NA,NA,NA,NA,NA,NA,NA,NA,NA,NA,NA,NA,NA,NA,NA,NA,NA,NA,NA,1.00729165,0.858759168,0.770315358,0.776312914,NA,NA,NA,NA,NA,NA,NA,NA,NA,NA,NA,NA,NA,NA,NA,NA,NA,NA,NA,NA,NA,NA,NA,NA,NA,NA,NA
E00148981,E07000189,South Somerset,E12000009,South West,275,6,6a,6a4,1.018531728,1.019925605,0.870757484,1.034343995,1.814449065,2.157421847,1.753279704,1.059452993,1.018531728,1.511135727,1.355849363,NA,NA,NA,NA,NA,NA,NA,NA,NA,NA,NA,NA,NA,NA,NA,NA,1.019925605,1.062738664,NA,NA,NA,NA,NA,NA,NA,NA,NA,NA,NA,NA,NA,NA,NA,NA,NA,NA,NA,NA,NA,NA,NA,NA,NA,NA,NA,NA,NA,NA,NA,NA,NA,NA,NA,NA,NA,NA,NA,NA,NA,NA,NA,NA,NA,NA,NA,NA,NA,NA,NA,NA,NA,1.238014408,1.183016389,1.050435738,0.870757484,NA,NA,NA,NA,NA,NA,NA,NA,NA,NA,NA,NA,NA,NA,NA,NA,NA,NA,NA,NA,NA,NA,NA,NA,NA,NA,NA
E00148982,E07000189,South Somerset,E12000009,South West,281,8,8d,8d3,0.640634028,0.644927457,0.619070566,1.178078693,1.610325719,1.630137912,1.189999351,0.905179568,1.240178556,0.901002958,0.640634028,NA,NA,NA,NA,NA,NA,NA,NA,NA,NA,NA,NA,NA,NA,NA,NA,NA,NA,NA,NA,NA,NA,0.735549819,0.82278234,0.661933656,0.644927457,NA,NA,NA,NA,NA,NA,NA,NA,NA,NA,NA,NA,NA,NA,NA,NA,NA,NA,NA,NA,NA,NA,NA,NA,NA,NA,NA,NA,NA,NA,NA,NA,NA,NA,NA,NA,NA,NA,NA,NA,NA,NA,NA,NA,NA,NA,NA,NA,NA,NA,NA,NA,NA,NA,NA,NA,NA,NA,NA,NA,NA,NA,NA,NA,NA,NA,NA,NA,NA,NA,NA,NA,NA,0.717829135,0.719597924,0.619070566
E00148983,E07000189,South Somerset,E12000009,South West,331,5,5a,5a1,0.865149948,0.886004826,0.771193111,0.948767411,1.818089765,2.077750616,1.48869643,0.865149948,0.878770403,1.414372496,1.028070335,NA,NA,NA,NA,NA,NA,NA,NA,NA,NA,NA,NA,NA,NA,0.886004826,0.911922382,NA,NA,NA,NA,NA,NA,NA,NA,NA,NA,NA,NA,NA,NA,NA,NA,NA,NA,NA,NA,NA,NA,NA,NA,NA,NA,NA,NA,NA,NA,NA,NA,NA,NA,NA,NA,NA,NA,NA,NA,NA,NA,NA,NA,NA,NA,NA,NA,NA,0.771193111,0.989403261,1.048369799,NA,NA,NA,NA,NA,NA,NA,NA,NA,NA,NA,NA,NA,NA,NA,NA,NA,NA,NA,NA,NA,NA,NA,NA,NA,NA,NA,NA,NA,NA,NA,NA,NA,NA
E00148984,E07000189,South Somerset,E12000009,South West,261,5,5a,5a1,0.887288551,0.900977405,0.923158134,1.091468888,1.596265017,1.746539906,1.24374806,0.887288551,1.233456347,1.112598016,0.938731428,NA,NA,NA,NA,NA,NA,NA,NA,NA,NA,NA,NA,NA,NA,0.900977405,0.940676823,NA,NA,NA,NA,NA,NA,NA,NA,NA,NA,NA,NA,NA,NA,NA,NA,NA,NA,NA,NA,NA,NA,NA,NA,NA,NA,NA,NA,NA,NA,NA,NA,NA,NA,NA,NA,NA,NA,NA,NA,NA,NA,NA,NA,NA,NA,NA,NA,NA,0.923158134,0.997393753,0.926884037,NA,NA,NA,NA,NA,NA,NA,NA,NA,NA,NA,NA,NA,NA,NA,NA,NA,NA,NA,NA,NA,NA,NA,NA,NA,NA,NA,NA,NA,NA,NA,NA,NA,NA
E00148985,E07000189,South Somerset,E12000009,South West,301,5,5b,5b2,0.880238029,0.879268666,0.834685653,1.199332232,1.548747796,1.829773331,1.383384167,0.880238029,1.274994622,1.25643966,1.14508421,NA,NA,NA,NA,NA,NA,NA,NA,NA,NA,NA,NA,NA,NA,0.939097246,0.879268666,NA,NA,NA,NA,NA,NA,NA,NA,NA,NA,NA,NA,NA,NA,NA,NA,NA,NA,NA,NA,NA,NA,NA,NA,NA,NA,NA,NA,NA,NA,NA,NA,NA,NA,NA,NA,NA,NA,NA,NA,NA,NA,NA,NA,NA,NA,NA,NA,NA,NA,NA,NA,1.068932133,0.834685653,0.910137313,NA,NA,NA,NA,NA,NA,NA,NA,NA,NA,NA,NA,NA,NA,NA,NA,NA,NA,NA,NA,NA,NA,NA,NA,NA,NA,NA,NA,NA,NA,NA
E00148986,E07000189,South Somerset,E12000009,South West,294,1,1c,1c3,0.815073375,0.708611637,0.660044002,0.815073375,1.885723067,2.184474583,1.698065452,1.044171937,0.837366388,1.542939178,1.291667527,0.87205254,0.899827045,0.708611637,NA,NA,NA,NA,NA,NA,NA,NA,NA,NA,NA,NA,NA,NA,NA,NA,NA,NA,NA,NA,NA,NA,NA,NA,NA,NA,NA,NA,NA,NA,0.837862584,0.794796898,0.660044002,NA,NA,NA,NA,NA,NA,NA,NA,NA,NA,NA,NA,NA,NA,NA,NA,NA,NA,NA,NA,NA,NA,NA,NA,NA,NA,NA,NA,NA,NA,NA,NA,NA,NA,NA,NA,NA,NA,NA,NA,NA,NA,NA,NA,NA,NA,NA,NA,NA,NA,NA,NA,NA,NA,NA,NA,NA,NA,NA,NA,NA,NA,NA,NA,NA,NA
E00148987,E07000189,South Somerset,E12000009,South West,310,5,5b,5b3,0.860268544,0.834849515,0.841193792,1.146953985,1.510238488,1.610065622,1.147932387,0.860268544,1.130912903,1.050213447,0.914381104,NA,NA,NA,NA,NA,NA,NA,NA,NA,NA,NA,NA,NA,NA,0.938921051,0.834849515,NA,NA,NA,NA,NA,NA,NA,NA,NA,NA,NA,NA,NA,NA,NA,NA,NA,NA,NA,NA,NA,NA,NA,NA,NA,NA,NA,NA,NA,NA,NA,NA,NA,NA,NA,NA,NA,NA,NA,NA,NA,NA,NA,NA,NA,NA,NA,NA,NA,NA,NA,NA,0.971741383,0.926793599,0.841193792,NA,NA,NA,NA,NA,NA,NA,NA,NA,NA,NA,NA,NA,NA,NA,NA,NA,NA,NA,NA,NA,NA,NA,NA,NA,NA,NA,NA,NA,NA,NA
E00148988,E07000189,South Somerset,E12000009,South West,255,5,5b,5b2,1.139297487,1.035890842,0.740885525,1.344573129,1.729758355,2.006328741,1.639868182,1.139297487,1.455254968,1.359864847,1.334346053,NA,NA,NA,NA,NA,NA,NA,NA,NA,NA,NA,NA,NA,NA,1.26126219,1.035890842,NA,NA,NA,NA,NA,NA,NA,NA,NA,NA,NA,NA,NA,NA,NA,NA,NA,NA,NA,NA,NA,NA,NA,NA,NA,NA,NA,NA,NA,NA,NA,NA,NA,NA,NA,NA,NA,NA,NA,NA,NA,NA,NA,NA,NA,NA,NA,NA,NA,NA,NA,NA,1.255218318,0.740885525,1.126290093,NA,NA,NA,NA,NA,NA,NA,NA,NA,NA,NA,NA,NA,NA,NA,NA,NA,NA,NA,NA,NA,NA,NA,NA,NA,NA,NA,NA,NA,NA,NA
E00148989,E07000189,South Somerset,E12000009,South West,207,5,5b,5b3,0.893765066,0.921384062,0.869444312,1.289233737,1.519415022,1.682424263,1.299207021,0.893765066,1.3433473,0.973613724,0.930534304,NA,NA,NA,NA,NA,NA,NA,NA,NA,NA,NA,NA,NA,NA,0.928857676,0.921384062,NA,NA,NA,NA,NA,NA,NA,NA,NA,NA,NA,NA,NA,NA,NA,NA,NA,NA,NA,NA,NA,NA,NA,NA,NA,NA,NA,NA,NA,NA,NA,NA,NA,NA,NA,NA,NA,NA,NA,NA,NA,NA,NA,NA,NA,NA,NA,NA,NA,NA,NA,NA,1.104621908,1.036783253,0.869444312,NA,NA,NA,NA,NA,NA,NA,NA,NA,NA,NA,NA,NA,NA,NA,NA,NA,NA,NA,NA,NA,NA,NA,NA,NA,NA,NA,NA,NA,NA,NA
E00148990,E07000189,South Somerset,E12000009,South West,303,8,8d,8d3,0.799455284,0.714303414,0.652332517,1.402579645,1.620566335,1.60858673,1.247966698,1.091370585,1.519132928,0.896785561,0.799455284,NA,NA,NA,NA,NA,NA,NA,NA,NA,NA,NA,NA,NA,NA,NA,NA,NA,NA,NA,NA,NA,NA,0.969163692,0.915034813,0.820589739,0.714303414,NA,NA,NA,NA,NA,NA,NA,NA,NA,NA,NA,NA,NA,NA,NA,NA,NA,NA,NA,NA,NA,NA,NA,NA,NA,NA,NA,NA,NA,NA,NA,NA,NA,NA,NA,NA,NA,NA,NA,NA,NA,NA,NA,NA,NA,NA,NA,NA,NA,NA,NA,NA,NA,NA,NA,NA,NA,NA,NA,NA,NA,NA,NA,NA,NA,NA,NA,NA,NA,NA,NA,NA,NA,0.781971067,0.799798273,0.652332517
E00148991,E07000189,South Somerset,E12000009,South West,384,5,5b,5b2,1.055942567,0.915220477,0.711141476,1.133077229,1.648905227,1.887109937,1.533523345,1.055942567,1.304346563,1.387513208,1.338129874,NA,NA,NA,NA,NA,NA,NA,NA,NA,NA,NA,NA,NA,NA,1.204756118,0.915220477,NA,NA,NA,NA,NA,NA,NA,NA,NA,NA,NA,NA,NA,NA,NA,NA,NA,NA,NA,NA,NA,NA,NA,NA,NA,NA,NA,NA,NA,NA,NA,NA,NA,NA,NA,NA,NA,NA,NA,NA,NA,NA,NA,NA,NA,NA,NA,NA,NA,NA,NA,NA,1.078424537,0.711141476,1.021312879,NA,NA,NA,NA,NA,NA,NA,NA,NA,NA,NA,NA,NA,NA,NA,NA,NA,NA,NA,NA,NA,NA,NA,NA,NA,NA,NA,NA,NA,NA,NA
E00148992,E07000189,South Somerset,E12000009,South West,327,5,5b,5b3,0.952878306,0.956614496,0.879595909,0.996769105,1.785876537,2.028479038,1.534016799,0.952878306,1.062883157,1.349131241,1.003980599,NA,NA,NA,NA,NA,NA,NA,NA,NA,NA,NA,NA,NA,NA,1.003846544,0.956614496,NA,NA,NA,NA,NA,NA,NA,NA,NA,NA,NA,NA,NA,NA,NA,NA,NA,NA,NA,NA,NA,NA,NA,NA,NA,NA,NA,NA,NA,NA,NA,NA,NA,NA,NA,NA,NA,NA,NA,NA,NA,NA,NA,NA,NA,NA,NA,NA,NA,NA,NA,NA,1.134680176,1.113158102,0.879595909,NA,NA,NA,NA,NA,NA,NA,NA,NA,NA,NA,NA,NA,NA,NA,NA,NA,NA,NA,NA,NA,NA,NA,NA,NA,NA,NA,NA,NA,NA,NA
E00148993,E07000189,South Somerset,E12000009,South West,411,6,6b,6b4,0.967873562,0.983662568,0.897537407,0.977304559,1.828678171,2.113926089,1.661444591,1.009000105,0.967873562,1.488741486,1.2578499,NA,NA,NA,NA,NA,NA,NA,NA,NA,NA,NA,NA,NA,NA,NA,NA,1.01154034,0.983662568,NA,NA,NA,NA,NA,NA,NA,NA,NA,NA,NA,NA,NA,NA,NA,NA,NA,NA,NA,NA,NA,NA,NA,NA,NA,NA,NA,NA,NA,NA,NA,NA,NA,NA,NA,NA,NA,NA,NA,NA,NA,NA,NA,NA,NA,NA,NA,NA,NA,NA,NA,NA,NA,NA,NA,NA,NA,1.132856664,1.047931702,1.034749811,0.897537407,NA,NA,NA,NA,NA,NA,NA,NA,NA,NA,NA,NA,NA,NA,NA,NA,NA,NA,NA,NA,NA,NA,NA
E00148994,E07000189,South Somerset,E12000009,South West,242,5,5b,5b3,1.050614182,0.973516957,0.940211716,1.217423052,1.746172674,1.970454357,1.597668633,1.050614182,1.247799939,1.248586813,1.169764791,NA,NA,NA,NA,NA,NA,NA,NA,NA,NA,NA,NA,NA,NA,1.15727161,0.973516957,NA,NA,NA,NA,NA,NA,NA,NA,NA,NA,NA,NA,NA,NA,NA,NA,NA,NA,NA,NA,NA,NA,NA,NA,NA,NA,NA,NA,NA,NA,NA,NA,NA,NA,NA,NA,NA,NA,NA,NA,NA,NA,NA,NA,NA,NA,NA,NA,NA,NA,NA,NA,1.104034146,1.110765239,0.940211716,NA,NA,NA,NA,NA,NA,NA,NA,NA,NA,NA,NA,NA,NA,NA,NA,NA,NA,NA,NA,NA,NA,NA,NA,NA,NA,NA,NA,NA,NA,NA
E00148995,E07000189,South Somerset,E12000009,South West,345,6,6b,6b3,0.783717022,0.771222858,0.771379098,0.970672868,2.068161382,2.326878476,1.773593279,1.15251399,0.783717022,1.718298313,1.273391833,NA,NA,NA,NA,NA,NA,NA,NA,NA,NA,NA,NA,NA,NA,NA,NA,0.877084729,0.771222858,NA,NA,NA,NA,NA,NA,NA,NA,NA,NA,NA,NA,NA,NA,NA,NA,NA,NA,NA,NA,NA,NA,NA,NA,NA,NA,NA,NA,NA,NA,NA,NA,NA,NA,NA,NA,NA,NA,NA,NA,NA,NA,NA,NA,NA,NA,NA,NA,NA,NA,NA,NA,NA,NA,NA,NA,NA,0.949078699,0.810467311,0.771379098,0.84306377,NA,NA,NA,NA,NA,NA,NA,NA,NA,NA,NA,NA,NA,NA,NA,NA,NA,NA,NA,NA,NA,NA,NA
E00148996,E07000189,South Somerset,E12000009,South West,340,6,6a,6a3,0.675976385,0.678743143,0.630849425,0.885985063,2.026972018,2.320021043,1.829272752,1.141537958,0.675976385,1.657061305,1.310988628,NA,NA,NA,NA,NA,NA,NA,NA,NA,NA,NA,NA,NA,NA,NA,NA,0.678743143,0.740463927,NA,NA,NA,NA,NA,NA,NA,NA,NA,NA,NA,NA,NA,NA,NA,NA,NA,NA,NA,NA,NA,NA,NA,NA,NA,NA,NA,NA,NA,NA,NA,NA,NA,NA,NA,NA,NA,NA,NA,NA,NA,NA,NA,NA,NA,NA,NA,NA,NA,NA,NA,NA,NA,0.985098087,0.795770625,0.630849425,0.720590556,NA,NA,NA,NA,NA,NA,NA,NA,NA,NA,NA,NA,NA,NA,NA,NA,NA,NA,NA,NA,NA,NA,NA,NA,NA,NA,NA
E00148997,E07000189,South Somerset,E12000009,South West,309,8,8b,8b1,0.653942337,0.672479451,0.630304488,1.137407912,1.632371948,1.81848606,1.324345507,0.817335496,1.166162816,1.011774756,0.653942337,NA,NA,NA,NA,NA,NA,NA,NA,NA,NA,NA,NA,NA,NA,NA,NA,NA,NA,NA,NA,NA,NA,0.739586397,0.672479451,0.702387906,0.781491619,NA,NA,NA,NA,NA,NA,NA,NA,NA,NA,NA,NA,NA,NA,NA,NA,NA,NA,NA,NA,NA,NA,NA,NA,NA,NA,NA,NA,NA,NA,NA,NA,NA,NA,NA,NA,NA,NA,NA,NA,NA,NA,NA,NA,NA,NA,NA,NA,NA,NA,NA,NA,NA,NA,NA,NA,NA,NA,NA,NA,NA,NA,NA,NA,NA,NA,NA,NA,0.630304488,0.785741536,NA,NA,NA,NA,NA,NA
E00148998,E07000189,South Somerset,E12000009,South West,346,8,8d,8d1,0.768168302,0.783281224,0.701066881,1.326069616,1.949711685,1.911394175,1.51035874,1.248711243,1.480220496,1.038041025,0.768168302,NA,NA,NA,NA,NA,NA,NA,NA,NA,NA,NA,NA,NA,NA,NA,NA,NA,NA,NA,NA,NA,NA,0.858406554,0.887738634,0.798537091,0.783281224,NA,NA,NA,NA,NA,NA,NA,NA,NA,NA,NA,NA,NA,NA,NA,NA,NA,NA,NA,NA,NA,NA,NA,NA,NA,NA,NA,NA,NA,NA,NA,NA,NA,NA,NA,NA,NA,NA,NA,NA,NA,NA,NA,NA,NA,NA,NA,NA,NA,NA,NA,NA,NA,NA,NA,NA,NA,NA,NA,NA,NA,NA,NA,NA,NA,NA,NA,NA,NA,NA,NA,NA,NA,0.701066881,0.917804174,0.817746406
E00148999,E07000189,South Somerset,E12000009,South West,325,8,8d,8d3,0.66491492,0.585526914,0.579903833,1.32747796,1.709434805,1.648856742,1.241214465,1.029154656,1.347684974,0.840315313,0.66491492,NA,NA,NA,NA,NA,NA,NA,NA,NA,NA,NA,NA,NA,NA,NA,NA,NA,NA,NA,NA,NA,NA,0.808599818,0.856371673,0.681911478,0.585526914,NA,NA,NA,NA,NA,NA,NA,NA,NA,NA,NA,NA,NA,NA,NA,NA,NA,NA,NA,NA,NA,NA,NA,NA,NA,NA,NA,NA,NA,NA,NA,NA,NA,NA,NA,NA,NA,NA,NA,NA,NA,NA,NA,NA,NA,NA,NA,NA,NA,NA,NA,NA,NA,NA,NA,NA,NA,NA,NA,NA,NA,NA,NA,NA,NA,NA,NA,NA,NA,NA,NA,NA,NA,0.62583775,0.68578397,0.579903833
E00149000,E07000189,South Somerset,E12000009,South West,310,5,5b,5b3,0.771762074,0.751598659,0.662567838,0.998852903,1.551239017,1.729229147,1.304486032,0.771762074,1.152624734,0.948179976,0.810222516,NA,NA,NA,NA,NA,NA,NA,NA,NA,NA,NA,NA,NA,NA,0.852546275,0.751598659,NA,NA,NA,NA,NA,NA,NA,NA,NA,NA,NA,NA,NA,NA,NA,NA,NA,NA,NA,NA,NA,NA,NA,NA,NA,NA,NA,NA,NA,NA,NA,NA,NA,NA,NA,NA,NA,NA,NA,NA,NA,NA,NA,NA,NA,NA,NA,NA,NA,NA,NA,NA,0.970790822,0.922419767,0.662567838,NA,NA,NA,NA,NA,NA,NA,NA,NA,NA,NA,NA,NA,NA,NA,NA,NA,NA,NA,NA,NA,NA,NA,NA,NA,NA,NA,NA,NA,NA,NA
E00149001,E07000189,South Somerset,E12000009,South West,357,8,8d,8d3,0.832392245,0.794716477,0.661934951,1.418255823,1.636690004,1.636592283,1.220525335,1.089185212,1.477986578,0.868930994,0.832392245,NA,NA,NA,NA,NA,NA,NA,NA,NA,NA,NA,NA,NA,NA,NA,NA,NA,NA,NA,NA,NA,NA,0.980259031,0.957933426,0.825680124,0.794716477,NA,NA,NA,NA,NA,NA,NA,NA,NA,NA,NA,NA,NA,NA,NA,NA,NA,NA,NA,NA,NA,NA,NA,NA,NA,NA,NA,NA,NA,NA,NA,NA,NA,NA,NA,NA,NA,NA,NA,NA,NA,NA,NA,NA,NA,NA,NA,NA,NA,NA,NA,NA,NA,NA,NA,NA,NA,NA,NA,NA,NA,NA,NA,NA,NA,NA,NA,NA,NA,NA,NA,NA,NA,0.861790401,0.902194399,0.661934951
E00149002,E07000189,South Somerset,E12000009,South West,332,7,7a,7a3,0.886672676,0.821351282,0.832427256,1.692020051,1.64361118,1.54556827,1.35073468,1.301995876,1.766317017,0.886672676,1.013737358,NA,NA,NA,NA,NA,NA,NA,NA,NA,NA,NA,NA,NA,NA,NA,NA,NA,NA,0.821351282,1.194031556,0.889865885,1.255475872,NA,NA,NA,NA,NA,NA,NA,NA,NA,NA,NA,NA,NA,NA,NA,NA,NA,NA,NA,NA,NA,NA,NA,NA,NA,NA,NA,NA,NA,NA,NA,NA,NA,NA,NA,NA,NA,NA,NA,NA,NA,NA,NA,NA,NA,NA,NA,NA,NA,NA,NA,NA,NA,NA,NA,NA,NA,0.922618274,0.898858018,0.832427256,NA,NA,NA,NA,NA,NA,NA,NA,NA,NA,NA,NA,NA,NA,NA,NA,NA,NA,NA,NA
E00149003,E07000189,South Somerset,E12000009,South West,302,8,8d,8d3,0.659496836,0.56945055,0.543456098,1.2922681,1.573118343,1.541125092,1.056583668,0.928534927,1.281211327,0.924066205,0.659496836,NA,NA,NA,NA,NA,NA,NA,NA,NA,NA,NA,NA,NA,NA,NA,NA,NA,NA,NA,NA,NA,NA,0.779033059,0.811279791,0.742553892,0.56945055,NA,NA,NA,NA,NA,NA,NA,NA,NA,NA,NA,NA,NA,NA,NA,NA,NA,NA,NA,NA,NA,NA,NA,NA,NA,NA,NA,NA,NA,NA,NA,NA,NA,NA,NA,NA,NA,NA,NA,NA,NA,NA,NA,NA,NA,NA,NA,NA,NA,NA,NA,NA,NA,NA,NA,NA,NA,NA,NA,NA,NA,NA,NA,NA,NA,NA,NA,NA,NA,NA,NA,NA,NA,0.713309505,0.596923338,0.543456098
E00149004,E07000189,South Somerset,E12000009,South West,285,8,8a,8a1,0.666454166,0.572940668,0.582517677,0.928782879,1.911495379,2.031208106,1.493749786,0.985721672,0.992453179,1.19886635,0.666454166,NA,NA,NA,NA,NA,NA,NA,NA,NA,NA,NA,NA,NA,NA,NA,NA,NA,NA,NA,NA,NA,NA,0.572940668,0.743151195,0.739526713,0.875982385,NA,NA,NA,NA,NA,NA,NA,NA,NA,NA,NA,NA,NA,NA,NA,NA,NA,NA,NA,NA,NA,NA,NA,NA,NA,NA,NA,NA,NA,NA,NA,NA,NA,NA,NA,NA,NA,NA,NA,NA,NA,NA,NA,NA,NA,NA,NA,NA,NA,NA,NA,NA,NA,NA,NA,NA,NA,NA,NA,NA,NA,NA,NA,NA,NA,NA,0.582517677,0.636052719,NA,NA,NA,NA,NA,NA,NA,NA
E00149005,E07000189,South Somerset,E12000009,South West,321,8,8a,8a2,0.683116047,0.673971512,0.567693149,1.244584402,1.813719504,1.864149164,1.429316259,1.148333584,1.279331891,1.040726479,0.683116047,NA,NA,NA,NA,NA,NA,NA,NA,NA,NA,NA,NA,NA,NA,NA,NA,NA,NA,NA,NA,NA,NA,0.673971512,0.793553589,0.808859377,0.723922168,NA,NA,NA,NA,NA,NA,NA,NA,NA,NA,NA,NA,NA,NA,NA,NA,NA,NA,NA,NA,NA,NA,NA,NA,NA,NA,NA,NA,NA,NA,NA,NA,NA,NA,NA,NA,NA,NA,NA,NA,NA,NA,NA,NA,NA,NA,NA,NA,NA,NA,NA,NA,NA,NA,NA,NA,NA,NA,NA,NA,NA,NA,NA,NA,NA,NA,0.7922363,0.567693149,NA,NA,NA,NA,NA,NA,NA,NA
E00149006,E07000189,South Somerset,E12000009,South West,273,8,8c,8c2,0.797677644,0.801249249,0.766782342,1.182086315,1.753586193,1.795908126,1.323645212,1.000997709,1.269755255,1.086161562,0.797677644,NA,NA,NA,NA,NA,NA,NA,NA,NA,NA,NA,NA,NA,NA,NA,NA,NA,NA,NA,NA,NA,NA,0.836008955,0.969274261,0.801249249,0.843485872,NA,NA,NA,NA,NA,NA,NA,NA,NA,NA,NA,NA,NA,NA,NA,NA,NA,NA,NA,NA,NA,NA,NA,NA,NA,NA,NA,NA,NA,NA,NA,NA,NA,NA,NA,NA,NA,NA,NA,NA,NA,NA,NA,NA,NA,NA,NA,NA,NA,NA,NA,NA,NA,NA,NA,NA,NA,NA,NA,NA,NA,NA,NA,NA,NA,NA,NA,NA,NA,NA,0.817784772,0.766782342,0.896139,NA,NA,NA
E00149007,E07000189,South Somerset,E12000009,South West,259,8,8b,8b2,0.681930358,0.687969357,0.676593245,1.238269706,1.743519935,1.818015608,1.440518802,1.025240951,1.283332875,0.919486985,0.681930358,NA,NA,NA,NA,NA,NA,NA,NA,NA,NA,NA,NA,NA,NA,NA,NA,NA,NA,NA,NA,NA,NA,0.797641902,0.687969357,0.708292324,0.800623472,NA,NA,NA,NA,NA,NA,NA,NA,NA,NA,NA,NA,NA,NA,NA,NA,NA,NA,NA,NA,NA,NA,NA,NA,NA,NA,NA,NA,NA,NA,NA,NA,NA,NA,NA,NA,NA,NA,NA,NA,NA,NA,NA,NA,NA,NA,NA,NA,NA,NA,NA,NA,NA,NA,NA,NA,NA,NA,NA,NA,NA,NA,NA,NA,NA,NA,NA,NA,0.788964126,0.676593245,NA,NA,NA,NA,NA,NA
E00149008,E07000189,South Somerset,E12000009,South West,311,6,6b,6b3,0.701289391,0.70552397,0.599413449,0.955547175,2.014663282,2.292731667,1.795077841,1.155493155,0.701289391,1.624017471,1.243421244,NA,NA,NA,NA,NA,NA,NA,NA,NA,NA,NA,NA,NA,NA,NA,NA,0.78242902,0.70552397,NA,NA,NA,NA,NA,NA,NA,NA,NA,NA,NA,NA,NA,NA,NA,NA,NA,NA,NA,NA,NA,NA,NA,NA,NA,NA,NA,NA,NA,NA,NA,NA,NA,NA,NA,NA,NA,NA,NA,NA,NA,NA,NA,NA,NA,NA,NA,NA,NA,NA,NA,NA,NA,NA,NA,NA,NA,0.863294726,0.855510722,0.599413449,0.740895028,NA,NA,NA,NA,NA,NA,NA,NA,NA,NA,NA,NA,NA,NA,NA,NA,NA,NA,NA,NA,NA,NA,NA
E00149009,E07000189,South Somerset,E12000009,South West,201,6,6b,6b4,0.816188453,0.818554363,0.713198493,0.820340611,1.87115454,2.105670608,1.616690034,0.885708561,0.816188453,1.32567444,1.025951589,NA,NA,NA,NA,NA,NA,NA,NA,NA,NA,NA,NA,NA,NA,NA,NA,0.888485478,0.818554363,NA,NA,NA,NA,NA,NA,NA,NA,NA,NA,NA,NA,NA,NA,NA,NA,NA,NA,NA,NA,NA,NA,NA,NA,NA,NA,NA,NA,NA,NA,NA,NA,NA,NA,NA,NA,NA,NA,NA,NA,NA,NA,NA,NA,NA,NA,NA,NA,NA,NA,NA,NA,NA,NA,NA,NA,NA,1.070814782,0.808530471,0.939286766,0.713198493,NA,NA,NA,NA,NA,NA,NA,NA,NA,NA,NA,NA,NA,NA,NA,NA,NA,NA,NA,NA,NA,NA,NA
E00149010,E07000189,South Somerset,E12000009,South West,226,8,8b,8b1,0.523924864,0.567977439,0.584914071,1.13285105,1.654285159,1.727462585,1.184361283,0.831317165,1.149713112,0.930359267,0.523924864,NA,NA,NA,NA,NA,NA,NA,NA,NA,NA,NA,NA,NA,NA,NA,NA,NA,NA,NA,NA,NA,NA,0.624051819,0.567977439,0.63292845,0.606532429,NA,NA,NA,NA,NA,NA,NA,NA,NA,NA,NA,NA,NA,NA,NA,NA,NA,NA,NA,NA,NA,NA,NA,NA,NA,NA,NA,NA,NA,NA,NA,NA,NA,NA,NA,NA,NA,NA,NA,NA,NA,NA,NA,NA,NA,NA,NA,NA,NA,NA,NA,NA,NA,NA,NA,NA,NA,NA,NA,NA,NA,NA,NA,NA,NA,NA,NA,NA,0.584914071,0.649487996,NA,NA,NA,NA,NA,NA
E00149011,E07000189,South Somerset,E12000009,South West,214,6,6b,6b3,1.035055314,0.975586032,0.923233884,1.19293136,2.130610305,2.333543486,1.816590114,1.286900964,1.035055314,1.692366306,1.291976267,NA,NA,NA,NA,NA,NA,NA,NA,NA,NA,NA,NA,NA,NA,NA,NA,1.167563832,0.975586032,NA,NA,NA,NA,NA,NA,NA,NA,NA,NA,NA,NA,NA,NA,NA,NA,NA,NA,NA,NA,NA,NA,NA,NA,NA,NA,NA,NA,NA,NA,NA,NA,NA,NA,NA,NA,NA,NA,NA,NA,NA,NA,NA,NA,NA,NA,NA,NA,NA,NA,NA,NA,NA,NA,NA,NA,NA,1.084609633,1.049340136,0.923233884,1.053403081,NA,NA,NA,NA,NA,NA,NA,NA,NA,NA,NA,NA,NA,NA,NA,NA,NA,NA,NA,NA,NA,NA,NA
E00149012,E07000189,South Somerset,E12000009,South West,286,5,5a,5a1,0.694952821,0.699017489,0.622555066,0.929316568,1.684447208,1.841555214,1.292618977,0.694952821,0.859845659,1.17574583,0.777148254,NA,NA,NA,NA,NA,NA,NA,NA,NA,NA,NA,NA,NA,NA,0.699017489,0.776637783,NA,NA,NA,NA,NA,NA,NA,NA,NA,NA,NA,NA,NA,NA,NA,NA,NA,NA,NA,NA,NA,NA,NA,NA,NA,NA,NA,NA,NA,NA,NA,NA,NA,NA,NA,NA,NA,NA,NA,NA,NA,NA,NA,NA,NA,NA,NA,NA,NA,0.622555066,0.798629867,0.859152174,NA,NA,NA,NA,NA,NA,NA,NA,NA,NA,NA,NA,NA,NA,NA,NA,NA,NA,NA,NA,NA,NA,NA,NA,NA,NA,NA,NA,NA,NA,NA,NA,NA,NA
E00149013,E07000189,South Somerset,E12000009,South West,320,6,6b,6b3,0.701143633,0.716488271,0.703211837,0.867031122,2.089233824,2.341732072,1.797238634,1.136908486,0.701143633,1.620744225,1.202476642,NA,NA,NA,NA,NA,NA,NA,NA,NA,NA,NA,NA,NA,NA,NA,NA,0.768383398,0.716488271,NA,NA,NA,NA,NA,NA,NA,NA,NA,NA,NA,NA,NA,NA,NA,NA,NA,NA,NA,NA,NA,NA,NA,NA,NA,NA,NA,NA,NA,NA,NA,NA,NA,NA,NA,NA,NA,NA,NA,NA,NA,NA,NA,NA,NA,NA,NA,NA,NA,NA,NA,NA,NA,NA,NA,NA,NA,0.954478619,0.785525362,0.703211837,0.726129615,NA,NA,NA,NA,NA,NA,NA,NA,NA,NA,NA,NA,NA,NA,NA,NA,NA,NA,NA,NA,NA,NA,NA
E00149014,E07000189,South Somerset,E12000009,South West,343,6,6b,6b3,0.704978775,0.736035268,0.687462922,0.851644741,2.042290799,2.322548598,1.81949541,1.148328669,0.704978775,1.671870243,1.282140423,NA,NA,NA,NA,NA,NA,NA,NA,NA,NA,NA,NA,NA,NA,NA,NA,0.751256971,0.736035268,NA,NA,NA,NA,NA,NA,NA,NA,NA,NA,NA,NA,NA,NA,NA,NA,NA,NA,NA,NA,NA,NA,NA,NA,NA,NA,NA,NA,NA,NA,NA,NA,NA,NA,NA,NA,NA,NA,NA,NA,NA,NA,NA,NA,NA,NA,NA,NA,NA,NA,NA,NA,NA,NA,NA,NA,NA,0.965980086,0.825927664,0.687462922,0.753909454,NA,NA,NA,NA,NA,NA,NA,NA,NA,NA,NA,NA,NA,NA,NA,NA,NA,NA,NA,NA,NA,NA,NA
E00149015,E07000189,South Somerset,E12000009,South West,273,8,8a,8a1,1.022527035,0.995711851,0.997068051,1.151074075,1.830027626,2.120921334,1.665936216,1.066780459,1.109769011,1.290145748,1.022527035,NA,NA,NA,NA,NA,NA,NA,NA,NA,NA,NA,NA,NA,NA,NA,NA,NA,NA,NA,NA,NA,NA,0.995711851,0.998870654,1.034441888,1.238178988,NA,NA,NA,NA,NA,NA,NA,NA,NA,NA,NA,NA,NA,NA,NA,NA,NA,NA,NA,NA,NA,NA,NA,NA,NA,NA,NA,NA,NA,NA,NA,NA,NA,NA,NA,NA,NA,NA,NA,NA,NA,NA,NA,NA,NA,NA,NA,NA,NA,NA,NA,NA,NA,NA,NA,NA,NA,NA,NA,NA,NA,NA,NA,NA,NA,NA,0.997068051,1.03849582,NA,NA,NA,NA,NA,NA,NA,NA
E00149016,E07000189,South Somerset,E12000009,South West,267,8,8a,8a1,0.784844411,0.679491017,0.616218344,0.915561707,1.862000835,2.01696322,1.437641775,0.91776493,0.940713212,1.317745953,0.784844411,NA,NA,NA,NA,NA,NA,NA,NA,NA,NA,NA,NA,NA,NA,NA,NA,NA,NA,NA,NA,NA,NA,0.679491017,0.813876956,0.920277069,0.93717112,NA,NA,NA,NA,NA,NA,NA,NA,NA,NA,NA,NA,NA,NA,NA,NA,NA,NA,NA,NA,NA,NA,NA,NA,NA,NA,NA,NA,NA,NA,NA,NA,NA,NA,NA,NA,NA,NA,NA,NA,NA,NA,NA,NA,NA,NA,NA,NA,NA,NA,NA,NA,NA,NA,NA,NA,NA,NA,NA,NA,NA,NA,NA,NA,NA,NA,0.616218344,0.810792893,NA,NA,NA,NA,NA,NA,NA,NA
E00149017,E07000189,South Somerset,E12000009,South West,283,5,5b,5b3,0.891078252,0.887763213,0.88729369,1.002929178,1.716864314,2.05947461,1.565588928,0.891078252,0.959480015,1.454426263,1.218698011,NA,NA,NA,NA,NA,NA,NA,NA,NA,NA,NA,NA,NA,NA,0.95110034,0.887763213,NA,NA,NA,NA,NA,NA,NA,NA,NA,NA,NA,NA,NA,NA,NA,NA,NA,NA,NA,NA,NA,NA,NA,NA,NA,NA,NA,NA,NA,NA,NA,NA,NA,NA,NA,NA,NA,NA,NA,NA,NA,NA,NA,NA,NA,NA,NA,NA,NA,NA,NA,NA,0.935446046,1.07994737,0.88729369,NA,NA,NA,NA,NA,NA,NA,NA,NA,NA,NA,NA,NA,NA,NA,NA,NA,NA,NA,NA,NA,NA,NA,NA,NA,NA,NA,NA,NA,NA,NA
E00149018,E07000189,South Somerset,E12000009,South West,310,6,6b,6b3,0.803302591,0.731647514,0.677015701,0.851631609,2.070954122,2.272037183,1.72812404,1.136111943,0.803302591,1.49518309,0.992166998,NA,NA,NA,NA,NA,NA,NA,NA,NA,NA,NA,NA,NA,NA,NA,NA,0.961284617,0.731647514,NA,NA,NA,NA,NA,NA,NA,NA,NA,NA,NA,NA,NA,NA,NA,NA,NA,NA,NA,NA,NA,NA,NA,NA,NA,NA,NA,NA,NA,NA,NA,NA,NA,NA,NA,NA,NA,NA,NA,NA,NA,NA,NA,NA,NA,NA,NA,NA,NA,NA,NA,NA,NA,NA,NA,NA,NA,0.95477811,0.807432274,0.677015701,0.790384272,NA,NA,NA,NA,NA,NA,NA,NA,NA,NA,NA,NA,NA,NA,NA,NA,NA,NA,NA,NA,NA,NA,NA
E00149019,E07000189,South Somerset,E12000009,South West,300,8,8b,8b1,1.037623187,0.988948447,0.967745334,1.46345475,1.567025097,1.75791721,1.438113769,1.101471495,1.525423219,1.11409567,1.037623187,NA,NA,NA,NA,NA,NA,NA,NA,NA,NA,NA,NA,NA,NA,NA,NA,NA,NA,NA,NA,NA,NA,1.171953325,0.988948447,1.0437314,1.112404907,NA,NA,NA,NA,NA,NA,NA,NA,NA,NA,NA,NA,NA,NA,NA,NA,NA,NA,NA,NA,NA,NA,NA,NA,NA,NA,NA,NA,NA,NA,NA,NA,NA,NA,NA,NA,NA,NA,NA,NA,NA,NA,NA,NA,NA,NA,NA,NA,NA,NA,NA,NA,NA,NA,NA,NA,NA,NA,NA,NA,NA,NA,NA,NA,NA,NA,NA,NA,0.967745334,1.063610638,NA,NA,NA,NA,NA,NA
E00149020,E07000189,South Somerset,E12000009,South West,301,6,6b,6b3,0.842266521,0.849211925,0.763018361,1.057358225,1.959626397,2.255144002,1.777485119,1.183727439,0.842266521,1.673375531,1.371313649,NA,NA,NA,NA,NA,NA,NA,NA,NA,NA,NA,NA,NA,NA,NA,NA,0.906581965,0.849211925,NA,NA,NA,NA,NA,NA,NA,NA,NA,NA,NA,NA,NA,NA,NA,NA,NA,NA,NA,NA,NA,NA,NA,NA,NA,NA,NA,NA,NA,NA,NA,NA,NA,NA,NA,NA,NA,NA,NA,NA,NA,NA,NA,NA,NA,NA,NA,NA,NA,NA,NA,NA,NA,NA,NA,NA,NA,0.967182301,0.980392468,0.763018361,0.884945174,NA,NA,NA,NA,NA,NA,NA,NA,NA,NA,NA,NA,NA,NA,NA,NA,NA,NA,NA,NA,NA,NA,NA
E00149021,E07000189,South Somerset,E12000009,South West,253,8,8d,8d3,0.777473468,0.706506047,0.694865527,1.417885854,1.62830643,1.559717477,1.229218489,1.047198002,1.480434213,0.826354427,0.777473468,NA,NA,NA,NA,NA,NA,NA,NA,NA,NA,NA,NA,NA,NA,NA,NA,NA,NA,NA,NA,NA,NA,0.96442178,0.899549815,0.76934165,0.706506047,NA,NA,NA,NA,NA,NA,NA,NA,NA,NA,NA,NA,NA,NA,NA,NA,NA,NA,NA,NA,NA,NA,NA,NA,NA,NA,NA,NA,NA,NA,NA,NA,NA,NA,NA,NA,NA,NA,NA,NA,NA,NA,NA,NA,NA,NA,NA,NA,NA,NA,NA,NA,NA,NA,NA,NA,NA,NA,NA,NA,NA,NA,NA,NA,NA,NA,NA,NA,NA,NA,NA,NA,NA,0.784199103,0.760783771,0.694865527
E00149022,E07000189,South Somerset,E12000009,South West,353,1,1c,1c2,0.722069635,0.642346442,0.58535308,0.722069635,2.050887861,2.218750585,1.74385685,1.17171238,1.10452015,1.463189709,1.09941689,0.874267758,0.737682838,0.642346442,NA,NA,NA,NA,NA,NA,NA,NA,NA,NA,NA,NA,NA,NA,NA,NA,NA,NA,NA,NA,NA,NA,NA,NA,NA,NA,NA,NA,NA,NA,0.752495956,0.58535308,0.758232935,NA,NA,NA,NA,NA,NA,NA,NA,NA,NA,NA,NA,NA,NA,NA,NA,NA,NA,NA,NA,NA,NA,NA,NA,NA,NA,NA,NA,NA,NA,NA,NA,NA,NA,NA,NA,NA,NA,NA,NA,NA,NA,NA,NA,NA,NA,NA,NA,NA,NA,NA,NA,NA,NA,NA,NA,NA,NA,NA,NA,NA,NA,NA,NA,NA,NA
E00149023,E07000189,South Somerset,E12000009,South West,287,6,6a,6a3,0.755679543,0.784463335,0.690731309,0.850438614,2.137322343,2.406770649,1.88051308,1.210843532,0.755679543,1.723917444,1.321591892,NA,NA,NA,NA,NA,NA,NA,NA,NA,NA,NA,NA,NA,NA,NA,NA,0.784463335,0.795415548,NA,NA,NA,NA,NA,NA,NA,NA,NA,NA,NA,NA,NA,NA,NA,NA,NA,NA,NA,NA,NA,NA,NA,NA,NA,NA,NA,NA,NA,NA,NA,NA,NA,NA,NA,NA,NA,NA,NA,NA,NA,NA,NA,NA,NA,NA,NA,NA,NA,NA,NA,NA,NA,1.068056629,0.918664889,0.690731309,0.851048988,NA,NA,NA,NA,NA,NA,NA,NA,NA,NA,NA,NA,NA,NA,NA,NA,NA,NA,NA,NA,NA,NA,NA,NA,NA,NA,NA
E00149024,E07000189,South Somerset,E12000009,South West,272,5,5a,5a1,0.8591892,0.804831285,0.748266903,0.973125293,1.691781272,1.903641369,1.295752985,0.8591892,0.947434794,1.38070936,0.951549933,NA,NA,NA,NA,NA,NA,NA,NA,NA,NA,NA,NA,NA,NA,0.804831285,0.986891307,NA,NA,NA,NA,NA,NA,NA,NA,NA,NA,NA,NA,NA,NA,NA,NA,NA,NA,NA,NA,NA,NA,NA,NA,NA,NA,NA,NA,NA,NA,NA,NA,NA,NA,NA,NA,NA,NA,NA,NA,NA,NA,NA,NA,NA,NA,NA,NA,NA,0.748266903,0.879917893,0.95026832,NA,NA,NA,NA,NA,NA,NA,NA,NA,NA,NA,NA,NA,NA,NA,NA,NA,NA,NA,NA,NA,NA,NA,NA,NA,NA,NA,NA,NA,NA,NA,NA,NA,NA
E00149025,E07000189,South Somerset,E12000009,South West,322,6,6b,6b2,0.890755388,0.811016791,0.722336405,0.998176141,1.980214393,2.129044356,1.502129982,1.035915934,0.890755388,1.497942609,0.972421258,NA,NA,NA,NA,NA,NA,NA,NA,NA,NA,NA,NA,NA,NA,NA,NA,1.052301814,0.811016791,NA,NA,NA,NA,NA,NA,NA,NA,NA,NA,NA,NA,NA,NA,NA,NA,NA,NA,NA,NA,NA,NA,NA,NA,NA,NA,NA,NA,NA,NA,NA,NA,NA,NA,NA,NA,NA,NA,NA,NA,NA,NA,NA,NA,NA,NA,NA,NA,NA,NA,NA,NA,NA,NA,NA,NA,NA,0.958596029,0.722336405,0.934709266,0.913877775,NA,NA,NA,NA,NA,NA,NA,NA,NA,NA,NA,NA,NA,NA,NA,NA,NA,NA,NA,NA,NA,NA,NA
E00149026,E07000189,South Somerset,E12000009,South West,230,1,1b,1b3,0.80699957,0.701823017,0.689641535,0.80699957,1.74144669,1.867952817,1.408309956,0.847383422,1.017152147,1.181244127,0.883099038,0.990883986,0.701823017,1.001822914,NA,NA,NA,NA,NA,NA,NA,NA,NA,NA,NA,NA,NA,NA,NA,NA,NA,NA,NA,NA,NA,NA,NA,NA,NA,NA,NA,0.762424908,0.750115256,0.689641535,NA,NA,NA,NA,NA,NA,NA,NA,NA,NA,NA,NA,NA,NA,NA,NA,NA,NA,NA,NA,NA,NA,NA,NA,NA,NA,NA,NA,NA,NA,NA,NA,NA,NA,NA,NA,NA,NA,NA,NA,NA,NA,NA,NA,NA,NA,NA,NA,NA,NA,NA,NA,NA,NA,NA,NA,NA,NA,NA,NA,NA,NA,NA,NA,NA,NA,NA,NA,NA
E00149027,E07000189,South Somerset,E12000009,South West,278,1,1a,1a4,0.755192139,0.741677437,0.641805817,0.755192139,1.992403491,2.281278679,1.827264972,1.181006238,0.855391386,1.624409946,1.303657617,0.741677437,0.829000374,0.929096914,NA,NA,NA,NA,NA,NA,NA,NA,NA,NA,NA,NA,NA,NA,NA,NA,NA,NA,NA,NA,NA,NA,NA,0.84100086,0.780910557,0.830407404,0.641805817,NA,NA,NA,NA,NA,NA,NA,NA,NA,NA,NA,NA,NA,NA,NA,NA,NA,NA,NA,NA,NA,NA,NA,NA,NA,NA,NA,NA,NA,NA,NA,NA,NA,NA,NA,NA,NA,NA,NA,NA,NA,NA,NA,NA,NA,NA,NA,NA,NA,NA,NA,NA,NA,NA,NA,NA,NA,NA,NA,NA,NA,NA,NA,NA,NA,NA,NA,NA,NA,NA,NA,NA
E00149028,E07000189,South Somerset,E12000009,South West,340,6,6b,6b2,1.096185137,1.050674152,0.99342661,1.107780881,1.954845377,2.110266336,1.60316315,1.141440504,1.096185137,1.619205348,1.205585634,NA,NA,NA,NA,NA,NA,NA,NA,NA,NA,NA,NA,NA,NA,NA,NA,1.209800877,1.050674152,NA,NA,NA,NA,NA,NA,NA,NA,NA,NA,NA,NA,NA,NA,NA,NA,NA,NA,NA,NA,NA,NA,NA,NA,NA,NA,NA,NA,NA,NA,NA,NA,NA,NA,NA,NA,NA,NA,NA,NA,NA,NA,NA,NA,NA,NA,NA,NA,NA,NA,NA,NA,NA,NA,NA,NA,NA,1.161490004,0.99342661,1.164845476,1.096997937,NA,NA,NA,NA,NA,NA,NA,NA,NA,NA,NA,NA,NA,NA,NA,NA,NA,NA,NA,NA,NA,NA,NA
E00149029,E07000189,South Somerset,E12000009,South West,256,5,5a,5a1,0.666125972,0.701105459,0.580194937,0.885618236,1.669229842,1.922215879,1.39233606,0.666125972,0.879453663,1.15972268,0.855352206,NA,NA,NA,NA,NA,NA,NA,NA,NA,NA,NA,NA,NA,NA,0.701105459,0.716416409,NA,NA,NA,NA,NA,NA,NA,NA,NA,NA,NA,NA,NA,NA,NA,NA,NA,NA,NA,NA,NA,NA,NA,NA,NA,NA,NA,NA,NA,NA,NA,NA,NA,NA,NA,NA,NA,NA,NA,NA,NA,NA,NA,NA,NA,NA,NA,NA,NA,0.580194937,0.868490943,0.835268825,NA,NA,NA,NA,NA,NA,NA,NA,NA,NA,NA,NA,NA,NA,NA,NA,NA,NA,NA,NA,NA,NA,NA,NA,NA,NA,NA,NA,NA,NA,NA,NA,NA,NA
E00149030,E07000189,South Somerset,E12000009,South West,243,7,7a,7a1,0.876586791,0.745283364,0.740772414,1.482375911,1.533256007,1.574479313,1.243133024,1.059715419,1.53404746,0.876586791,0.897278162,NA,NA,NA,NA,NA,NA,NA,NA,NA,NA,NA,NA,NA,NA,NA,NA,NA,NA,0.745283364,1.234996874,0.925328556,1.203137922,NA,NA,NA,NA,NA,NA,NA,NA,NA,NA,NA,NA,NA,NA,NA,NA,NA,NA,NA,NA,NA,NA,NA,NA,NA,NA,NA,NA,NA,NA,NA,NA,NA,NA,NA,NA,NA,NA,NA,NA,NA,NA,NA,NA,NA,NA,NA,NA,NA,NA,NA,NA,NA,NA,NA,NA,NA,0.740772414,0.76599326,0.868886853,NA,NA,NA,NA,NA,NA,NA,NA,NA,NA,NA,NA,NA,NA,NA,NA,NA,NA,NA,NA
E00149031,E07000189,South Somerset,E12000009,South West,288,6,6b,6b4,0.88853731,0.790612287,0.762828643,0.947185335,1.88364224,2.122617847,1.581787663,0.937568764,0.88853731,1.289446185,0.906753786,NA,NA,NA,NA,NA,NA,NA,NA,NA,NA,NA,NA,NA,NA,NA,NA,1.068945336,0.790612287,NA,NA,NA,NA,NA,NA,NA,NA,NA,NA,NA,NA,NA,NA,NA,NA,NA,NA,NA,NA,NA,NA,NA,NA,NA,NA,NA,NA,NA,NA,NA,NA,NA,NA,NA,NA,NA,NA,NA,NA,NA,NA,NA,NA,NA,NA,NA,NA,NA,NA,NA,NA,NA,NA,NA,NA,NA,1.006205897,0.842416899,0.820050489,0.762828643,NA,NA,NA,NA,NA,NA,NA,NA,NA,NA,NA,NA,NA,NA,NA,NA,NA,NA,NA,NA,NA,NA,NA
E00149032,E07000189,South Somerset,E12000009,South West,303,8,8d,8d2,0.64278577,0.655483844,0.626387348,1.251388616,1.571496507,1.571450184,1.163440904,0.844897196,1.25688364,0.845597481,0.64278577,NA,NA,NA,NA,NA,NA,NA,NA,NA,NA,NA,NA,NA,NA,NA,NA,NA,NA,NA,NA,NA,NA,0.812112825,0.732980601,0.655657854,0.655483844,NA,NA,NA,NA,NA,NA,NA,NA,NA,NA,NA,NA,NA,NA,NA,NA,NA,NA,NA,NA,NA,NA,NA,NA,NA,NA,NA,NA,NA,NA,NA,NA,NA,NA,NA,NA,NA,NA,NA,NA,NA,NA,NA,NA,NA,NA,NA,NA,NA,NA,NA,NA,NA,NA,NA,NA,NA,NA,NA,NA,NA,NA,NA,NA,NA,NA,NA,NA,NA,NA,NA,NA,NA,0.765341474,0.626387348,0.751836418
E00149033,E07000189,South Somerset,E12000009,South West,286,6,6b,6b2,0.828489034,0.69188995,0.666212961,0.906763546,1.965633136,2.167369743,1.558531914,0.956680874,0.828489034,1.409705791,0.854820421,NA,NA,NA,NA,NA,NA,NA,NA,NA,NA,NA,NA,NA,NA,NA,NA,1.048152272,0.69188995,NA,NA,NA,NA,NA,NA,NA,NA,NA,NA,NA,NA,NA,NA,NA,NA,NA,NA,NA,NA,NA,NA,NA,NA,NA,NA,NA,NA,NA,NA,NA,NA,NA,NA,NA,NA,NA,NA,NA,NA,NA,NA,NA,NA,NA,NA,NA,NA,NA,NA,NA,NA,NA,NA,NA,NA,NA,0.898468431,0.666212961,0.763167886,0.774889009,NA,NA,NA,NA,NA,NA,NA,NA,NA,NA,NA,NA,NA,NA,NA,NA,NA,NA,NA,NA,NA,NA,NA
E00165997,E07000189,South Somerset,E12000009,South West,311,5,5a,5a1,0.818630644,0.776954527,0.731601195,1.067501603,1.700969083,1.942604146,1.342364961,0.818630644,1.002774936,1.398496515,1.100529403,NA,NA,NA,NA,NA,NA,NA,NA,NA,NA,NA,NA,NA,NA,0.776954527,0.936540985,NA,NA,NA,NA,NA,NA,NA,NA,NA,NA,NA,NA,NA,NA,NA,NA,NA,NA,NA,NA,NA,NA,NA,NA,NA,NA,NA,NA,NA,NA,NA,NA,NA,NA,NA,NA,NA,NA,NA,NA,NA,NA,NA,NA,NA,NA,NA,NA,NA,0.731601195,0.845346909,0.922160919,NA,NA,NA,NA,NA,NA,NA,NA,NA,NA,NA,NA,NA,NA,NA,NA,NA,NA,NA,NA,NA,NA,NA,NA,NA,NA,NA,NA,NA,NA,NA,NA,NA,NA
E00165998,E07000189,South Somerset,E12000009,South West,302,5,5a,5a1,1.014533634,0.933557551,0.883298338,1.225767691,1.747454565,2.04021745,1.502221513,1.014533634,1.214843971,1.554819839,1.252685087,NA,NA,NA,NA,NA,NA,NA,NA,NA,NA,NA,NA,NA,NA,0.933557551,1.160138609,NA,NA,NA,NA,NA,NA,NA,NA,NA,NA,NA,NA,NA,NA,NA,NA,NA,NA,NA,NA,NA,NA,NA,NA,NA,NA,NA,NA,NA,NA,NA,NA,NA,NA,NA,NA,NA,NA,NA,NA,NA,NA,NA,NA,NA,NA,NA,NA,NA,0.883298338,1.067719714,0.997885923,NA,NA,NA,NA,NA,NA,NA,NA,NA,NA,NA,NA,NA,NA,NA,NA,NA,NA,NA,NA,NA,NA,NA,NA,NA,NA,NA,NA,NA,NA,NA,NA,NA,NA
E00165999,E07000189,South Somerset,E12000009,South West,284,1,1c,1c2,1.011814141,0.834594694,0.769586667,1.011814141,2.030724351,2.301229621,1.779516339,1.136306408,1.02448556,1.624890673,1.216881736,1.160454369,1.02093772,0.834594694,NA,NA,NA,NA,NA,NA,NA,NA,NA,NA,NA,NA,NA,NA,NA,NA,NA,NA,NA,NA,NA,NA,NA,NA,NA,NA,NA,NA,NA,NA,1.011707199,0.769586667,0.864633381,NA,NA,NA,NA,NA,NA,NA,NA,NA,NA,NA,NA,NA,NA,NA,NA,NA,NA,NA,NA,NA,NA,NA,NA,NA,NA,NA,NA,NA,NA,NA,NA,NA,NA,NA,NA,NA,NA,NA,NA,NA,NA,NA,NA,NA,NA,NA,NA,NA,NA,NA,NA,NA,NA,NA,NA,NA,NA,NA,NA,NA,NA,NA,NA,NA,NA
E00166000,E07000189,South Somerset,E12000009,South West,257,8,8c,8c2,0.801216095,0.751566827,0.695135673,1.090275344,1.763628733,1.812675599,1.370071279,1.014388815,1.251589127,1.04393526,0.801216095,NA,NA,NA,NA,NA,NA,NA,NA,NA,NA,NA,NA,NA,NA,NA,NA,NA,NA,NA,NA,NA,NA,0.858284599,0.985673781,0.751566827,0.871892813,NA,NA,NA,NA,NA,NA,NA,NA,NA,NA,NA,NA,NA,NA,NA,NA,NA,NA,NA,NA,NA,NA,NA,NA,NA,NA,NA,NA,NA,NA,NA,NA,NA,NA,NA,NA,NA,NA,NA,NA,NA,NA,NA,NA,NA,NA,NA,NA,NA,NA,NA,NA,NA,NA,NA,NA,NA,NA,NA,NA,NA,NA,NA,NA,NA,NA,NA,NA,NA,NA,0.78481086,0.695135673,0.845353476,NA,NA,NA
E00166001,E07000189,South Somerset,E12000009,South West,1064,5,5b,5b2,2.031606041,2.006623767,1.872972472,2.032005404,2.336346816,2.684323394,2.41853821,2.031606041,2.13282653,2.244554495,2.150705956,NA,NA,NA,NA,NA,NA,NA,NA,NA,NA,NA,NA,NA,NA,2.077742559,2.006623767,NA,NA,NA,NA,NA,NA,NA,NA,NA,NA,NA,NA,NA,NA,NA,NA,NA,NA,NA,NA,NA,NA,NA,NA,NA,NA,NA,NA,NA,NA,NA,NA,NA,NA,NA,NA,NA,NA,NA,NA,NA,NA,NA,NA,NA,NA,NA,NA,NA,NA,NA,NA,2.129663524,1.872972472,2.053166335,NA,NA,NA,NA,NA,NA,NA,NA,NA,NA,NA,NA,NA,NA,NA,NA,NA,NA,NA,NA,NA,NA,NA,NA,NA,NA,NA,NA,NA,NA,NA
E00166002,E07000189,South Somerset,E12000009,South West,290,5,5a,5a3,0.813086875,0.766756184,0.77072114,1.219550971,1.406741878,1.812774742,1.351374654,0.813086875,1.226553071,1.358443478,1.207466482,NA,NA,NA,NA,NA,NA,NA,NA,NA,NA,NA,NA,NA,NA,0.766756184,0.93600958,NA,NA,NA,NA,NA,NA,NA,NA,NA,NA,NA,NA,NA,NA,NA,NA,NA,NA,NA,NA,NA,NA,NA,NA,NA,NA,NA,NA,NA,NA,NA,NA,NA,NA,NA,NA,NA,NA,NA,NA,NA,NA,NA,NA,NA,NA,NA,NA,NA,0.798099581,0.89635746,0.77072114,NA,NA,NA,NA,NA,NA,NA,NA,NA,NA,NA,NA,NA,NA,NA,NA,NA,NA,NA,NA,NA,NA,NA,NA,NA,NA,NA,NA,NA,NA,NA,NA,NA,NA
E00166003,E07000189,South Somerset,E12000009,South West,317,5,5a,5a1,0.703952594,0.648031891,0.552164022,0.92187291,1.674946626,1.844665642,1.262596008,0.703952594,0.817586786,1.27830679,0.805765279,NA,NA,NA,NA,NA,NA,NA,NA,NA,NA,NA,NA,NA,NA,0.648031891,0.844658721,NA,NA,NA,NA,NA,NA,NA,NA,NA,NA,NA,NA,NA,NA,NA,NA,NA,NA,NA,NA,NA,NA,NA,NA,NA,NA,NA,NA,NA,NA,NA,NA,NA,NA,NA,NA,NA,NA,NA,NA,NA,NA,NA,NA,NA,NA,NA,NA,NA,0.552164022,0.728744736,0.850010504,NA,NA,NA,NA,NA,NA,NA,NA,NA,NA,NA,NA,NA,NA,NA,NA,NA,NA,NA,NA,NA,NA,NA,NA,NA,NA,NA,NA,NA,NA,NA,NA,NA,NA
E00166004,E07000189,South Somerset,E12000009,South West,310,5,5a,5a1,0.829057352,0.853964804,0.900589738,1.18982812,1.493262498,1.686032135,1.21312782,0.829057352,1.189672488,1.158073537,1.0437005,NA,NA,NA,NA,NA,NA,NA,NA,NA,NA,NA,NA,NA,NA,0.853964804,0.874049942,NA,NA,NA,NA,NA,NA,NA,NA,NA,NA,NA,NA,NA,NA,NA,NA,NA,NA,NA,NA,NA,NA,NA,NA,NA,NA,NA,NA,NA,NA,NA,NA,NA,NA,NA,NA,NA,NA,NA,NA,NA,NA,NA,NA,NA,NA,NA,NA,NA,0.900589738,0.906866461,0.901399779,NA,NA,NA,NA,NA,NA,NA,NA,NA,NA,NA,NA,NA,NA,NA,NA,NA,NA,NA,NA,NA,NA,NA,NA,NA,NA,NA,NA,NA,NA,NA,NA,NA,NA
E00166005,E07000189,South Somerset,E12000009,South West,162,1,1a,1a3,0.691672449,0.678881715,0.648085577,0.691672449,2.234891376,2.468290291,1.9625761,1.315485991,1.104608896,1.702606223,1.343831029,0.678881715,0.763470097,0.901503468,NA,NA,NA,NA,NA,NA,NA,NA,NA,NA,NA,NA,NA,NA,NA,NA,NA,NA,NA,NA,NA,NA,NA,0.819278481,0.730966127,0.648085577,0.748754088,NA,NA,NA,NA,NA,NA,NA,NA,NA,NA,NA,NA,NA,NA,NA,NA,NA,NA,NA,NA,NA,NA,NA,NA,NA,NA,NA,NA,NA,NA,NA,NA,NA,NA,NA,NA,NA,NA,NA,NA,NA,NA,NA,NA,NA,NA,NA,NA,NA,NA,NA,NA,NA,NA,NA,NA,NA,NA,NA,NA,NA,NA,NA,NA,NA,NA,NA,NA,NA,NA,NA,NA
E00166006,E07000189,South Somerset,E12000009,South West,360,5,5a,5a1,0.885677095,0.853770032,0.852199258,1.150598467,1.612033495,1.881976266,1.401760567,0.885677095,1.108256092,1.47084725,1.219498058,NA,NA,NA,NA,NA,NA,NA,NA,NA,NA,NA,NA,NA,NA,0.853770032,0.989018426,NA,NA,NA,NA,NA,NA,NA,NA,NA,NA,NA,NA,NA,NA,NA,NA,NA,NA,NA,NA,NA,NA,NA,NA,NA,NA,NA,NA,NA,NA,NA,NA,NA,NA,NA,NA,NA,NA,NA,NA,NA,NA,NA,NA,NA,NA,NA,NA,NA,0.852199258,0.904684852,0.9576497,NA,NA,NA,NA,NA,NA,NA,NA,NA,NA,NA,NA,NA,NA,NA,NA,NA,NA,NA,NA,NA,NA,NA,NA,NA,NA,NA,NA,NA,NA,NA,NA,NA,NA
E00166007,E07000189,South Somerset,E12000009,South West,355,5,5b,5b1,0.866748447,0.844848392,0.825041453,1.033102819,1.595749363,1.832198583,1.41910696,0.866748447,0.879897657,1.380734249,1.205679883,NA,NA,NA,NA,NA,NA,NA,NA,NA,NA,NA,NA,NA,NA,0.942391389,0.844848392,NA,NA,NA,NA,NA,NA,NA,NA,NA,NA,NA,NA,NA,NA,NA,NA,NA,NA,NA,NA,NA,NA,NA,NA,NA,NA,NA,NA,NA,NA,NA,NA,NA,NA,NA,NA,NA,NA,NA,NA,NA,NA,NA,NA,NA,NA,NA,NA,NA,NA,NA,NA,0.825041453,1.087812341,0.859431392,NA,NA,NA,NA,NA,NA,NA,NA,NA,NA,NA,NA,NA,NA,NA,NA,NA,NA,NA,NA,NA,NA,NA,NA,NA,NA,NA,NA,NA,NA,NA
E00166008,E07000189,South Somerset,E12000009,South West,355,6,6b,6b2,0.776819887,0.802698235,0.730463201,0.957717038,1.796629085,2.046829454,1.480033446,0.943594134,0.776819887,1.58086361,1.188428992,NA,NA,NA,NA,NA,NA,NA,NA,NA,NA,NA,NA,NA,NA,NA,NA,0.822276085,0.802698235,NA,NA,NA,NA,NA,NA,NA,NA,NA,NA,NA,NA,NA,NA,NA,NA,NA,NA,NA,NA,NA,NA,NA,NA,NA,NA,NA,NA,NA,NA,NA,NA,NA,NA,NA,NA,NA,NA,NA,NA,NA,NA,NA,NA,NA,NA,NA,NA,NA,NA,NA,NA,NA,NA,NA,NA,NA,0.885959502,0.730463201,0.968139604,0.859307905,NA,NA,NA,NA,NA,NA,NA,NA,NA,NA,NA,NA,NA,NA,NA,NA,NA,NA,NA,NA,NA,NA,NA
E00166009,E07000189,South Somerset,E12000009,South West,274,5,5a,5a1,0.782711073,0.749906263,0.708268701,1.185181615,1.530308283,1.907594256,1.44275122,0.782711073,1.138509116,1.28558111,1.083437206,NA,NA,NA,NA,NA,NA,NA,NA,NA,NA,NA,NA,NA,NA,0.749906263,0.894478183,NA,NA,NA,NA,NA,NA,NA,NA,NA,NA,NA,NA,NA,NA,NA,NA,NA,NA,NA,NA,NA,NA,NA,NA,NA,NA,NA,NA,NA,NA,NA,NA,NA,NA,NA,NA,NA,NA,NA,NA,NA,NA,NA,NA,NA,NA,NA,NA,NA,0.708268701,0.925877154,0.79040179,NA,NA,NA,NA,NA,NA,NA,NA,NA,NA,NA,NA,NA,NA,NA,NA,NA,NA,NA,NA,NA,NA,NA,NA,NA,NA,NA,NA,NA,NA,NA,NA,NA,NA
E00166010,E07000189,South Somerset,E12000009,South West,177,5,5a,5a1,0.830566891,0.837183923,0.786465672,1.008177609,1.649412528,1.934534291,1.43373638,0.830566891,1.084040653,1.283489683,1.004145607,NA,NA,NA,NA,NA,NA,NA,NA,NA,NA,NA,NA,NA,NA,0.837183923,0.896433834,NA,NA,NA,NA,NA,NA,NA,NA,NA,NA,NA,NA,NA,NA,NA,NA,NA,NA,NA,NA,NA,NA,NA,NA,NA,NA,NA,NA,NA,NA,NA,NA,NA,NA,NA,NA,NA,NA,NA,NA,NA,NA,NA,NA,NA,NA,NA,NA,NA,0.786465672,0.947931113,0.939017594,NA,NA,NA,NA,NA,NA,NA,NA,NA,NA,NA,NA,NA,NA,NA,NA,NA,NA,NA,NA,NA,NA,NA,NA,NA,NA,NA,NA,NA,NA,NA,NA,NA,NA
E00166011,E07000189,South Somerset,E12000009,South West,253,1,1b,1b1,0.881650697,0.829775936,0.814389226,0.881650697,1.87376554,2.09770241,1.508047368,0.938685262,0.97597056,1.46649287,1.04411427,1.002731646,0.829775936,1.074338802,NA,NA,NA,NA,NA,NA,NA,NA,NA,NA,NA,NA,NA,NA,NA,NA,NA,NA,NA,NA,NA,NA,NA,NA,NA,NA,NA,0.814389226,0.863182792,0.92557973,NA,NA,NA,NA,NA,NA,NA,NA,NA,NA,NA,NA,NA,NA,NA,NA,NA,NA,NA,NA,NA,NA,NA,NA,NA,NA,NA,NA,NA,NA,NA,NA,NA,NA,NA,NA,NA,NA,NA,NA,NA,NA,NA,NA,NA,NA,NA,NA,NA,NA,NA,NA,NA,NA,NA,NA,NA,NA,NA,NA,NA,NA,NA,NA,NA,NA,NA,NA,NA
E00166012,E07000189,South Somerset,E12000009,South West,265,6,6b,6b2,0.86349058,0.774237567,0.661409964,0.877594474,1.857218284,2.10295778,1.500644763,0.876261483,0.86349058,1.450472088,0.952308858,NA,NA,NA,NA,NA,NA,NA,NA,NA,NA,NA,NA,NA,NA,NA,NA,1.036252649,0.774237567,NA,NA,NA,NA,NA,NA,NA,NA,NA,NA,NA,NA,NA,NA,NA,NA,NA,NA,NA,NA,NA,NA,NA,NA,NA,NA,NA,NA,NA,NA,NA,NA,NA,NA,NA,NA,NA,NA,NA,NA,NA,NA,NA,NA,NA,NA,NA,NA,NA,NA,NA,NA,NA,NA,NA,NA,NA,0.953890344,0.661409964,0.926694489,0.853733326,NA,NA,NA,NA,NA,NA,NA,NA,NA,NA,NA,NA,NA,NA,NA,NA,NA,NA,NA,NA,NA,NA,NA
E00166013,E07000189,South Somerset,E12000009,South West,398,8,8d,8d1,0.819088328,0.803090859,0.741532377,1.459327916,1.914924682,1.899177204,1.474302774,1.282079007,1.521416312,1.052009936,0.819088328,NA,NA,NA,NA,NA,NA,NA,NA,NA,NA,NA,NA,NA,NA,NA,NA,NA,NA,NA,NA,NA,NA,0.926407673,0.868405694,0.896888439,0.803090859,NA,NA,NA,NA,NA,NA,NA,NA,NA,NA,NA,NA,NA,NA,NA,NA,NA,NA,NA,NA,NA,NA,NA,NA,NA,NA,NA,NA,NA,NA,NA,NA,NA,NA,NA,NA,NA,NA,NA,NA,NA,NA,NA,NA,NA,NA,NA,NA,NA,NA,NA,NA,NA,NA,NA,NA,NA,NA,NA,NA,NA,NA,NA,NA,NA,NA,NA,NA,NA,NA,NA,NA,NA,0.741532377,0.954526972,0.771364914
E00166014,E07000189,South Somerset,E12000009,South West,359,8,8c,8c2,0.964611381,0.963098581,0.891753394,1.117899489,1.708658619,1.830454924,1.369603829,0.993733595,1.248532206,1.246295555,0.964611381,NA,NA,NA,NA,NA,NA,NA,NA,NA,NA,NA,NA,NA,NA,NA,NA,NA,NA,NA,NA,NA,NA,0.990185362,1.084572766,0.963098581,1.039373403,NA,NA,NA,NA,NA,NA,NA,NA,NA,NA,NA,NA,NA,NA,NA,NA,NA,NA,NA,NA,NA,NA,NA,NA,NA,NA,NA,NA,NA,NA,NA,NA,NA,NA,NA,NA,NA,NA,NA,NA,NA,NA,NA,NA,NA,NA,NA,NA,NA,NA,NA,NA,NA,NA,NA,NA,NA,NA,NA,NA,NA,NA,NA,NA,NA,NA,NA,NA,NA,NA,0.967503428,0.891753394,1.084214575,NA,NA,NA
E00166015,E07000189,South Somerset,E12000009,South West,228,8,8c,8c1,0.996949913,0.872023391,0.854679955,1.188726301,1.757686995,1.794688278,1.468831339,1.046916426,1.293329427,1.044966073,0.996949913,NA,NA,NA,NA,NA,NA,NA,NA,NA,NA,NA,NA,NA,NA,NA,NA,NA,NA,NA,NA,NA,NA,1.084547204,1.175231342,0.872023391,1.075631571,NA,NA,NA,NA,NA,NA,NA,NA,NA,NA,NA,NA,NA,NA,NA,NA,NA,NA,NA,NA,NA,NA,NA,NA,NA,NA,NA,NA,NA,NA,NA,NA,NA,NA,NA,NA,NA,NA,NA,NA,NA,NA,NA,NA,NA,NA,NA,NA,NA,NA,NA,NA,NA,NA,NA,NA,NA,NA,NA,NA,NA,NA,NA,NA,NA,NA,NA,NA,NA,NA,0.854679955,0.903036057,0.955227177,NA,NA,NA
E00166016,E07000189,South Somerset,E12000009,South West,328,5,5b,5b2,1.081315359,1.047806615,0.927896869,1.132424248,1.804029428,1.932632897,1.5039185,1.081315359,1.363132599,1.332205722,1.102411991,NA,NA,NA,NA,NA,NA,NA,NA,NA,NA,NA,NA,NA,NA,1.155101608,1.047806615,NA,NA,NA,NA,NA,NA,NA,NA,NA,NA,NA,NA,NA,NA,NA,NA,NA,NA,NA,NA,NA,NA,NA,NA,NA,NA,NA,NA,NA,NA,NA,NA,NA,NA,NA,NA,NA,NA,NA,NA,NA,NA,NA,NA,NA,NA,NA,NA,NA,NA,NA,NA,1.286861703,0.927896869,1.058756359,NA,NA,NA,NA,NA,NA,NA,NA,NA,NA,NA,NA,NA,NA,NA,NA,NA,NA,NA,NA,NA,NA,NA,NA,NA,NA,NA,NA,NA,NA,NA
E00166017,E07000189,South Somerset,E12000009,South West,246,6,6a,6a2,0.893674092,0.79427521,0.716769071,1.09315505,2.089422763,2.429441054,2.025700072,1.374076155,0.893674092,1.880971437,1.581837155,NA,NA,NA,NA,NA,NA,NA,NA,NA,NA,NA,NA,NA,NA,NA,NA,0.79427521,1.007751033,NA,NA,NA,NA,NA,NA,NA,NA,NA,NA,NA,NA,NA,NA,NA,NA,NA,NA,NA,NA,NA,NA,NA,NA,NA,NA,NA,NA,NA,NA,NA,NA,NA,NA,NA,NA,NA,NA,NA,NA,NA,NA,NA,NA,NA,NA,NA,NA,NA,NA,NA,NA,NA,1.08854978,0.716769071,0.788898689,0.915210878,NA,NA,NA,NA,NA,NA,NA,NA,NA,NA,NA,NA,NA,NA,NA,NA,NA,NA,NA,NA,NA,NA,NA,NA,NA,NA,NA
E00166018,E07000189,South Somerset,E12000009,South West,523,5,5b,5b2,0.929458196,0.807835449,0.633704478,1.047171502,1.610697234,1.826560408,1.455635744,0.929458196,1.191093114,1.126658436,1.071515889,NA,NA,NA,NA,NA,NA,NA,NA,NA,NA,NA,NA,NA,NA,1.070202589,0.807835449,NA,NA,NA,NA,NA,NA,NA,NA,NA,NA,NA,NA,NA,NA,NA,NA,NA,NA,NA,NA,NA,NA,NA,NA,NA,NA,NA,NA,NA,NA,NA,NA,NA,NA,NA,NA,NA,NA,NA,NA,NA,NA,NA,NA,NA,NA,NA,NA,NA,NA,NA,NA,1.049803519,0.633704478,0.863752464,NA,NA,NA,NA,NA,NA,NA,NA,NA,NA,NA,NA,NA,NA,NA,NA,NA,NA,NA,NA,NA,NA,NA,NA,NA,NA,NA,NA,NA,NA,NA
E00166019,E07000189,South Somerset,E12000009,South West,547,1,1b,1b3,0.601146029,0.515629352,0.533520375,0.601146029,1.774229261,1.956886152,1.43565176,0.800048406,0.906477806,1.229178029,0.852081876,0.790814909,0.515629352,0.812029217,NA,NA,NA,NA,NA,NA,NA,NA,NA,NA,NA,NA,NA,NA,NA,NA,NA,NA,NA,NA,NA,NA,NA,NA,NA,NA,NA,0.58189875,0.571663412,0.533520375,NA,NA,NA,NA,NA,NA,NA,NA,NA,NA,NA,NA,NA,NA,NA,NA,NA,NA,NA,NA,NA,NA,NA,NA,NA,NA,NA,NA,NA,NA,NA,NA,NA,NA,NA,NA,NA,NA,NA,NA,NA,NA,NA,NA,NA,NA,NA,NA,NA,NA,NA,NA,NA,NA,NA,NA,NA,NA,NA,NA,NA,NA,NA,NA,NA,NA,NA,NA,NA
E00166020,E07000189,South Somerset,E12000009,South West,191,1,1c,1c3,0.804564479,0.62419673,0.601126124,0.804564479,1.886074661,2.146163832,1.731437932,1.094316237,1.001183754,1.579345536,1.372993663,0.850718149,0.911824426,0.62419673,NA,NA,NA,NA,NA,NA,NA,NA,NA,NA,NA,NA,NA,NA,NA,NA,NA,NA,NA,NA,NA,NA,NA,NA,NA,NA,NA,NA,NA,NA,0.677723308,0.769744407,0.601126124,NA,NA,NA,NA,NA,NA,NA,NA,NA,NA,NA,NA,NA,NA,NA,NA,NA,NA,NA,NA,NA,NA,NA,NA,NA,NA,NA,NA,NA,NA,NA,NA,NA,NA,NA,NA,NA,NA,NA,NA,NA,NA,NA,NA,NA,NA,NA,NA,NA,NA,NA,NA,NA,NA,NA,NA,NA,NA,NA,NA,NA,NA,NA,NA,NA,NA
